1.26e-08
8.329999999999999e-09
1.09e-08
1.22e-08
1.46e-08
9.07e-09
1.26e-08
1.4099999999999999e-08
1.53e-08
9.44e-09
1.32e-08
1.47e-08
1.65e-08
1.03e-08
1.44e-08
1.6e-08
1.6399999999999998e-08
1.05e-08
1.44e-08
1.59e-08
1.73e-08
1.1000000000000001e-08
1.48e-08
1.66e-08
1.74e-08
1.1299999999999999e-08
1.52e-08
1.67e-08
1.8e-08
1.18e-08
1.57e-08
1.74e-08
1.78e-08
1.16e-08
1.55e-08
1.73e-08
1.78e-08
1.1699999999999999e-08
1.56e-08
1.75e-08
1.79e-08
1.1299999999999999e-08
1.56e-08
1.76e-08
1.77e-08
1.18e-08
1.55e-08
1.74e-08
1.79e-08
1.1200000000000001e-08
1.55e-08
1.73e-08
1.79e-08
1.09e-08
1.52e-08
1.72e-08
1.75e-08
1.06e-08
1.5e-08
1.7e-08
1.77e-08
1.06e-08
1.5e-08
1.71e-08
1.7e-08
1.03e-08
1.4499999999999999e-08
1.6399999999999998e-08
1.66e-08
9.9e-09
1.42e-08
1.59e-08
1.58e-08
9.159999999999999e-09
1.3600000000000001e-08
1.53e-08
1.46e-08
8.51e-09
1.25e-08
1.4099999999999999e-08
1.3400000000000001e-08
7.96e-09
1.1499999999999999e-08
1.3e-08
1.46e-08
9.150000000000001e-09
1.27e-08
1.42e-08
1.6799999999999998e-08
1.07e-08
1.46e-08
1.6399999999999998e-08
1.77e-08
1.1000000000000001e-08
1.53e-08
1.71e-08
1.88e-08
1.2099999999999999e-08
1.62e-08
1.82e-08
1.93e-08
1.26e-08
1.69e-08
1.88e-08
2e-08
1.26e-08
1.74e-08
1.92e-08
2.04e-08
1.3e-08
1.76e-08
1.97e-08
2.04e-08
1.35e-08
1.79e-08
1.99e-08
2e-08
1.33e-08
1.76e-08
1.93e-08
2.02e-08
1.35e-08
1.78e-08
1.99e-08
2e-08
1.33e-08
1.78e-08
1.97e-08
2.0099999999999998e-08
1.3e-08
1.78e-08
1.98e-08
2.0099999999999998e-08
1.26e-08
1.72e-08
1.95e-08
2.0099999999999998e-08
1.23e-08
1.72e-08
1.95e-08
2.0099999999999998e-08
1.18e-08
1.7e-08
1.94e-08
1.97e-08
1.2099999999999999e-08
1.69e-08
1.8999999999999998e-08
1.8700000000000002e-08
1.1100000000000002e-08
1.6e-08
1.8e-08
1.91e-08
1.1200000000000001e-08
1.63e-08
1.84e-08
1.8300000000000002e-08
1.08e-08
1.54e-08
1.76e-08
1.6799999999999998e-08
9.7e-09
1.42e-08
1.62e-08
1.48e-08
8.71e-09
1.26e-08
1.44e-08
1.56e-08
9.81e-09
1.35e-08
1.51e-08
1.81e-08
1.1499999999999999e-08
1.55e-08
1.75e-08
1.92e-08
1.2099999999999999e-08
1.67e-08
1.8700000000000002e-08
2.0299999999999996e-08
1.29e-08
1.75e-08
1.96e-08
2.11e-08
1.38e-08
1.82e-08
2.04e-08
2.1e-08
1.38e-08
1.8300000000000002e-08
2.0299999999999996e-08
2.16e-08
1.4299999999999999e-08
1.8999999999999998e-08
2.1e-08
2.2000000000000002e-08
1.4299999999999999e-08
1.92e-08
2.13e-08
2.18e-08
1.4299999999999999e-08
1.88e-08
2.11e-08
2.18e-08
1.48e-08
1.93e-08
2.15e-08
2.19e-08
1.49e-08
1.95e-08
2.17e-08
2.18e-08
1.4299999999999999e-08
1.92e-08
2.15e-08
2.12e-08
1.33e-08
1.84e-08
2.0499999999999998e-08
2.2200000000000004e-08
1.33e-08
1.8999999999999998e-08
2.14e-08
2.11e-08
1.27e-08
1.8e-08
2.04e-08
2.14e-08
1.28e-08
1.8300000000000002e-08
2.08e-08
2.08e-08
1.2099999999999999e-08
1.75e-08
1.99e-08
1.98e-08
1.1699999999999999e-08
1.69e-08
1.91e-08
1.86e-08
1.1000000000000001e-08
1.58e-08
1.79e-08
1.85e-08
1.08e-08
1.56e-08
1.79e-08
1.54e-08
9.08e-09
1.31e-08
1.48e-08
1.65e-08
1.06e-08
1.4299999999999999e-08
1.6e-08
1.91e-08
1.24e-08
1.66e-08
1.84e-08
1.97e-08
1.25e-08
1.7e-08
1.91e-08
2.11e-08
1.3899999999999999e-08
1.84e-08
2.06e-08
2.19e-08
1.44e-08
1.92e-08
2.11e-08
2.17e-08
1.48e-08
1.92e-08
2.11e-08
2.2000000000000002e-08
1.5e-08
1.94e-08
2.13e-08
2.2599999999999997e-08
1.55e-08
2.0099999999999998e-08
2.19e-08
2.2000000000000002e-08
1.54e-08
1.95e-08
2.13e-08
2.32e-08
1.65e-08
2.09e-08
2.2999999999999998e-08
2.28e-08
1.6e-08
2.0499999999999998e-08
2.27e-08
2.25e-08
1.46e-08
1.96e-08
2.19e-08
2.27e-08
1.4299999999999999e-08
1.94e-08
2.19e-08
2.2599999999999997e-08
1.4e-08
1.92e-08
2.19e-08
2.21e-08
1.32e-08
1.88e-08
2.12e-08
2.2200000000000004e-08
1.3e-08
1.8700000000000002e-08
2.14e-08
2.12e-08
1.27e-08
1.82e-08
2.0499999999999998e-08
2.08e-08
1.25e-08
1.78e-08
2e-08
1.98e-08
1.16e-08
1.69e-08
1.93e-08
1.8700000000000002e-08
1.09e-08
1.57e-08
1.8e-08
1.57e-08
9.09e-09
1.33e-08
1.51e-08
1.67e-08
1.07e-08
1.4499999999999999e-08
1.62e-08
1.93e-08
1.24e-08
1.67e-08
1.86e-08
2.0499999999999998e-08
1.3400000000000001e-08
1.79e-08
1.99e-08
2.12e-08
1.37e-08
1.84e-08
2.06e-08
2.25e-08
1.53e-08
1.99e-08
2.19e-08
2.32e-08
1.54e-08
2.0499999999999998e-08
2.25e-08
2.3100000000000002e-08
1.66e-08
2.06e-08
2.2400000000000002e-08
2.33e-08
1.6399999999999998e-08
2.09e-08
2.2599999999999997e-08
2.32e-08
1.69e-08
2.06e-08
2.2400000000000002e-08
2.45e-08
1.82e-08
2.2200000000000004e-08
2.4300000000000003e-08
2.3900000000000002e-08
1.77e-08
2.18e-08
2.41e-08
2.3799999999999998e-08
1.62e-08
2.1e-08
2.3100000000000002e-08
2.3100000000000002e-08
1.4499999999999999e-08
1.99e-08
2.23e-08
2.36e-08
1.46e-08
2.02e-08
2.29e-08
2.3399999999999998e-08
1.47e-08
2.02e-08
2.2599999999999997e-08
2.2400000000000002e-08
1.3e-08
1.91e-08
2.17e-08
2.2200000000000004e-08
1.35e-08
1.91e-08
2.15e-08
2.21e-08
1.32e-08
1.88e-08
2.13e-08
2.02e-08
1.1899999999999999e-08
1.71e-08
1.95e-08
1.89e-08
1.09e-08
1.6e-08
1.8300000000000002e-08
1.65e-08
9.890000000000001e-09
1.4099999999999999e-08
1.6e-08
1.71e-08
1.05e-08
1.48e-08
1.65e-08
1.96e-08
1.25e-08
1.7e-08
1.8999999999999998e-08
2.06e-08
1.37e-08
1.8e-08
1.99e-08
2.21e-08
1.47e-08
1.93e-08
2.14e-08
2.2000000000000002e-08
1.49e-08
1.92e-08
2.13e-08
2.3399999999999998e-08
1.67e-08
2.08e-08
2.28e-08
2.29e-08
1.73e-08
2.06e-08
2.2200000000000004e-08
2.3399999999999998e-08
1.81e-08
2.12e-08
2.28e-08
2.4300000000000003e-08
1.8999999999999998e-08
2.2200000000000004e-08
2.36e-08
2.3799999999999998e-08
1.93e-08
2.23e-08
2.36e-08
2.37e-08
1.94e-08
2.21e-08
2.41e-08
2.4300000000000003e-08
1.69e-08
2.15e-08
2.3500000000000002e-08
2.41e-08
1.55e-08
2.09e-08
2.32e-08
2.36e-08
1.47e-08
2.0299999999999996e-08
2.28e-08
2.33e-08
1.4e-08
1.99e-08
2.2400000000000002e-08
2.25e-08
1.38e-08
1.94e-08
2.17e-08
2.27e-08
1.3400000000000001e-08
1.92e-08
2.18e-08
2.11e-08
1.28e-08
1.81e-08
2.0299999999999996e-08
2.0499999999999998e-08
1.22e-08
1.73e-08
1.98e-08
1.93e-08
1.1499999999999999e-08
1.6399999999999998e-08
1.8700000000000002e-08
1.6399999999999998e-08
9.8e-09
1.3899999999999999e-08
1.58e-08
1.77e-08
1.1200000000000001e-08
1.55e-08
1.71e-08
1.96e-08
1.27e-08
1.71e-08
1.89e-08
2.15e-08
1.4299999999999999e-08
1.88e-08
2.08e-08
2.19e-08
1.48e-08
1.93e-08
2.12e-08
2.28e-08
1.57e-08
2.0099999999999998e-08
2.21e-08
2.32e-08
1.71e-08
2.08e-08
2.25e-08
2.3500000000000002e-08
1.89e-08
2.16e-08
2.2999999999999998e-08
2.36e-08
1.99e-08
2.2200000000000004e-08
2.2999999999999998e-08
2.4199999999999998e-08
2.21e-08
2.3399999999999998e-08
2.36e-08
2.44e-08
2.21e-08
2.3500000000000002e-08
2.37e-08
2.45e-08
2.3900000000000002e-08
2.46e-08
2.56e-08
2.45e-08
1.84e-08
2.18e-08
2.37e-08
2.5299999999999998e-08
1.71e-08
2.2200000000000004e-08
2.44e-08
2.45e-08
1.55e-08
2.11e-08
2.36e-08
2.29e-08
1.44e-08
1.98e-08
2.2200000000000004e-08
2.27e-08
1.3600000000000001e-08
1.8999999999999998e-08
2.18e-08
2.32e-08
1.4e-08
1.97e-08
2.23e-08
2.19e-08
1.3e-08
1.86e-08
2.11e-08
2.12e-08
1.27e-08
1.78e-08
2.0499999999999998e-08
1.92e-08
1.14e-08
1.63e-08
1.85e-08
1.72e-08
1.02e-08
1.46e-08
1.66e-08
1.73e-08
1.1200000000000001e-08
1.5e-08
1.67e-08
1.99e-08
1.28e-08
1.75e-08
1.93e-08
2.18e-08
1.44e-08
1.89e-08
2.11e-08
2.21e-08
1.5e-08
1.94e-08
2.15e-08
2.3399999999999998e-08
1.66e-08
2.09e-08
2.27e-08
2.3500000000000002e-08
1.8e-08
2.12e-08
2.29e-08
2.3900000000000002e-08
1.98e-08
2.25e-08
2.3399999999999998e-08
2.37e-08
2.33e-08
2.32e-08
2.3399999999999998e-08
2.41e-08
2.67e-08
2.48e-08
2.3500000000000002e-08
2.4e-08
3.07e-08
2.6e-08
2.3799999999999998e-08
2.5499999999999997e-08
3.3599999999999996e-08
2.84e-08
2.75e-08
2.5899999999999997e-08
2.29e-08
2.4e-08
2.5e-08
2.5499999999999997e-08
1.89e-08
2.27e-08
2.46e-08
2.52e-08
1.71e-08
2.19e-08
2.4300000000000003e-08
2.3799999999999998e-08
1.53e-08
2.06e-08
2.29e-08
2.33e-08
1.4499999999999999e-08
1.99e-08
2.2400000000000002e-08
2.25e-08
1.37e-08
1.93e-08
2.18e-08
2.13e-08
1.28e-08
1.82e-08
2.0499999999999998e-08
2.1e-08
1.24e-08
1.77e-08
2.0299999999999996e-08
1.96e-08
1.1299999999999999e-08
1.6399999999999998e-08
1.89e-08
1.73e-08
1.02e-08
1.46e-08
1.67e-08
1.75e-08
1.1299999999999999e-08
1.52e-08
1.7e-08
1.99e-08
1.31e-08
1.75e-08
1.94e-08
2.16e-08
1.4499999999999999e-08
1.8999999999999998e-08
2.09e-08
2.23e-08
1.54e-08
1.99e-08
2.16e-08
2.29e-08
1.6799999999999998e-08
2.04e-08
2.2200000000000004e-08
2.37e-08
1.85e-08
2.16e-08
2.29e-08
2.37e-08
2.15e-08
2.2400000000000002e-08
2.2999999999999998e-08
2.41e-08
2.75e-08
2.5e-08
2.3500000000000002e-08
2.37e-08
3.68e-08
2.7900000000000002e-08
2.3900000000000002e-08
2.46e-08
4.9900000000000003e-08
3.2799999999999996e-08
2.4199999999999998e-08
2.44e-08
6.259999999999999e-08
3.71e-08
2.54e-08
2.2999999999999998e-08
3.99e-08
2.6800000000000002e-08
2.23e-08
2.25e-08
2.41e-08
2.2000000000000002e-08
2.18e-08
2.3900000000000002e-08
1.81e-08
2.15e-08
2.3100000000000002e-08
2.36e-08
1.6100000000000002e-08
2.0699999999999997e-08
2.28e-08
2.29e-08
1.44e-08
1.99e-08
2.21e-08
2.27e-08
1.3899999999999999e-08
1.94e-08
2.19e-08
2.2200000000000004e-08
1.3600000000000001e-08
1.8999999999999998e-08
2.14e-08
2.1e-08
1.24e-08
1.79e-08
2.0299999999999996e-08
1.94e-08
1.14e-08
1.66e-08
1.8700000000000002e-08
1.67e-08
9.890000000000001e-09
1.4099999999999999e-08
1.6100000000000002e-08
1.79e-08
1.16e-08
1.56e-08
1.76e-08
2.0099999999999998e-08
1.3600000000000001e-08
1.78e-08
1.98e-08
2.14e-08
1.4499999999999999e-08
1.8999999999999998e-08
2.12e-08
2.21e-08
1.6e-08
1.99e-08
2.21e-08
2.27e-08
1.78e-08
2.08e-08
2.2599999999999997e-08
2.33e-08
1.92e-08
2.17e-08
2.32e-08
2.3500000000000002e-08
2.21e-08
2.2599999999999997e-08
2.29e-08
2.3500000000000002e-08
2.99e-08
2.56e-08
2.32e-08
2.44e-08
4.9900000000000003e-08
3.2799999999999996e-08
2.4e-08
2.3500000000000002e-08
1.0900000000000001e-07
5.2300000000000005e-08
2.48e-08
2.0299999999999996e-08
2.48e-07
1.08e-07
6.08e-08
1.86e-08
1.1599999999999999e-07
4.87e-08
1.91e-08
1.86e-08
3.91e-08
2.3900000000000002e-08
1.8e-08
1.99e-08
1.96e-08
1.91e-08
1.92e-08
2.2599999999999997e-08
1.62e-08
1.99e-08
2.17e-08
2.3100000000000002e-08
1.46e-08
1.99e-08
2.2200000000000004e-08
2.17e-08
1.3400000000000001e-08
1.88e-08
2.11e-08
2.17e-08
1.32e-08
1.84e-08
2.1e-08
2.11e-08
1.26e-08
1.79e-08
2.04e-08
1.91e-08
1.1299999999999999e-08
1.6399999999999998e-08
1.85e-08
1.69e-08
1.01e-08
1.4299999999999999e-08
1.63e-08
1.73e-08
1.1000000000000001e-08
1.5e-08
1.69e-08
1.96e-08
1.3400000000000001e-08
1.74e-08
1.92e-08
2.12e-08
1.44e-08
1.8700000000000002e-08
2.1e-08
2.27e-08
1.6e-08
2.02e-08
2.25e-08
2.28e-08
1.71e-08
2.11e-08
2.2999999999999998e-08
2.3100000000000002e-08
1.89e-08
2.17e-08
2.3500000000000002e-08
2.3500000000000002e-08
2.3399999999999998e-08
2.3500000000000002e-08
2.46e-08
2.3799999999999998e-08
3.2799999999999996e-08
2.67e-08
2.57e-08
2.36e-08
6.070000000000001e-08
3.61e-08
2.45e-08
2.06e-08
2.47e-07
1.0900000000000001e-07
6.22e-08
1.72e-08
7.03e-07
3.47e-07
1.8e-06
1.58e-08
2.64e-07
1.11e-07
5.75e-08
1.56e-08
6.48e-08
3.07e-08
1.67e-08
1.76e-08
2.3799999999999998e-08
1.88e-08
1.71e-08
2e-08
1.59e-08
1.8e-08
1.94e-08
2.21e-08
1.46e-08
1.94e-08
2.14e-08
2.25e-08
1.3899999999999999e-08
1.93e-08
2.17e-08
2.2000000000000002e-08
1.31e-08
1.89e-08
2.13e-08
2.0499999999999998e-08
1.25e-08
1.76e-08
1.98e-08
1.93e-08
1.16e-08
1.63e-08
1.86e-08
1.66e-08
9.61e-09
1.4099999999999999e-08
1.6e-08
1.72e-08
1.1000000000000001e-08
1.51e-08
1.69e-08
1.92e-08
1.25e-08
1.69e-08
1.89e-08
2.09e-08
1.3899999999999999e-08
1.85e-08
2.0499999999999998e-08
2.18e-08
1.46e-08
1.91e-08
2.12e-08
2.2400000000000002e-08
1.5e-08
1.97e-08
2.17e-08
2.3399999999999998e-08
1.6399999999999998e-08
2.06e-08
2.2599999999999997e-08
2.33e-08
1.8e-08
2.11e-08
2.25e-08
2.29e-08
2.12e-08
2.15e-08
2.2000000000000002e-08
1.98e-08
3.73e-08
2.45e-08
1.92e-08
1.76e-08
1.14e-07
4.8099999999999994e-08
1.8300000000000002e-08
1.55e-08
2.64e-07
1.11e-07
5.68e-08
1.4e-08
1.1699999999999999e-07
4.67e-08
1.54e-08
1.3899999999999999e-08
3.69e-08
1.96e-08
1.3600000000000001e-08
1.51e-08
1.66e-08
1.49e-08
1.4499999999999999e-08
1.59e-08
1.2e-08
1.44e-08
1.54e-08
1.8700000000000002e-08
1.2099999999999999e-08
1.62e-08
1.81e-08
2.11e-08
1.31e-08
1.8300000000000002e-08
2.04e-08
2.17e-08
1.28e-08
1.85e-08
2.09e-08
2.1e-08
1.24e-08
1.8e-08
2.0299999999999996e-08
1.92e-08
1.1499999999999999e-08
1.65e-08
1.85e-08
1.67e-08
9.87e-09
1.42e-08
1.62e-08
1.66e-08
1.02e-08
1.4299999999999999e-08
1.6e-08
1.93e-08
1.18e-08
1.66e-08
1.8700000000000002e-08
2.15e-08
1.37e-08
1.84e-08
2.0699999999999997e-08
2.2400000000000002e-08
1.4099999999999999e-08
1.93e-08
2.16e-08
2.2999999999999998e-08
1.44e-08
1.98e-08
2.2200000000000004e-08
2.2999999999999998e-08
1.48e-08
1.99e-08
2.2200000000000004e-08
2.2200000000000004e-08
1.51e-08
1.94e-08
2.14e-08
2.0299999999999996e-08
1.57e-08
1.8300000000000002e-08
1.97e-08
1.6799999999999998e-08
2.1e-08
1.72e-08
1.62e-08
1.4499999999999999e-08
3.75e-08
2.0099999999999998e-08
1.42e-08
1.3899999999999999e-08
6.41e-08
2.9500000000000003e-08
1.52e-08
1.26e-08
3.61e-08
1.91e-08
1.23e-08
1.29e-08
1.95e-08
1.4099999999999999e-08
1.25e-08
1.3400000000000001e-08
1.22e-08
1.26e-08
1.29e-08
1.3899999999999999e-08
9.81e-09
1.24e-08
1.3400000000000001e-08
1.6399999999999998e-08
1.05e-08
1.4299999999999999e-08
1.59e-08
1.98e-08
1.2099999999999999e-08
1.6799999999999998e-08
1.8999999999999998e-08
2.08e-08
1.23e-08
1.78e-08
2e-08
2.17e-08
1.29e-08
1.85e-08
2.09e-08
1.95e-08
1.1699999999999999e-08
1.6799999999999998e-08
1.88e-08
1.6799999999999998e-08
9.769999999999999e-09
1.4299999999999999e-08
1.62e-08
1.69e-08
1.03e-08
1.46e-08
1.6399999999999998e-08
1.89e-08
1.1499999999999999e-08
1.6100000000000002e-08
1.82e-08
2.0499999999999998e-08
1.24e-08
1.76e-08
1.98e-08
2.14e-08
1.33e-08
1.84e-08
2.06e-08
2.28e-08
1.3899999999999999e-08
1.95e-08
2.19e-08
2.2400000000000002e-08
1.38e-08
1.93e-08
2.16e-08
1.96e-08
1.28e-08
1.7e-08
1.89e-08
1.69e-08
1.25e-08
1.53e-08
1.63e-08
1.4099999999999999e-08
1.28e-08
1.32e-08
1.3600000000000001e-08
1.28e-08
1.54e-08
1.31e-08
1.24e-08
1.27e-08
2.1e-08
1.5e-08
1.23e-08
1.22e-08
1.52e-08
1.24e-08
1.1899999999999999e-08
1.27e-08
1.2e-08
1.1899999999999999e-08
1.22e-08
1.31e-08
1.02e-08
1.18e-08
1.27e-08
1.4299999999999999e-08
9.359999999999999e-09
1.23e-08
1.38e-08
1.53e-08
9.4e-09
1.32e-08
1.48e-08
1.84e-08
1.09e-08
1.57e-08
1.77e-08
2.0699999999999997e-08
1.23e-08
1.77e-08
2e-08
2.16e-08
1.29e-08
1.82e-08
2.0699999999999997e-08
1.97e-08
1.1499999999999999e-08
1.69e-08
1.91e-08
1.65e-08
9.86e-09
1.42e-08
1.59e-08
1.6799999999999998e-08
1.02e-08
1.44e-08
1.6100000000000002e-08
1.95e-08
1.1699999999999999e-08
1.6799999999999998e-08
1.89e-08
2.09e-08
1.24e-08
1.78e-08
2.02e-08
2.14e-08
1.29e-08
1.8300000000000002e-08
2.06e-08
2.13e-08
1.27e-08
1.81e-08
2.0499999999999998e-08
1.94e-08
1.18e-08
1.67e-08
1.8700000000000002e-08
1.63e-08
1.04e-08
1.42e-08
1.57e-08
1.4499999999999999e-08
9.65e-09
1.24e-08
1.4e-08
1.37e-08
1e-08
1.22e-08
1.31e-08
1.26e-08
1.01e-08
1.1499999999999999e-08
1.2099999999999999e-08
1.28e-08
1.1499999999999999e-08
1.1699999999999999e-08
1.24e-08
1.27e-08
1.06e-08
1.16e-08
1.23e-08
1.35e-08
9.81e-09
1.2e-08
1.3e-08
1.5e-08
9.84e-09
1.32e-08
1.4499999999999999e-08
1.66e-08
1.04e-08
1.4499999999999999e-08
1.6e-08
1.81e-08
1.1000000000000001e-08
1.55e-08
1.75e-08
1.95e-08
1.1699999999999999e-08
1.67e-08
1.88e-08
2.06e-08
1.22e-08
1.74e-08
1.98e-08
2.0499999999999998e-08
1.22e-08
1.75e-08
1.98e-08
1.8999999999999998e-08
1.1200000000000001e-08
1.6100000000000002e-08
1.8300000000000002e-08
1.67e-08
9.87e-09
1.4299999999999999e-08
1.62e-08
1.65e-08
1e-08
1.4099999999999999e-08
1.6e-08
1.84e-08
1.07e-08
1.56e-08
1.77e-08
2.0299999999999996e-08
1.2099999999999999e-08
1.74e-08
1.97e-08
2.09e-08
1.25e-08
1.78e-08
2.02e-08
1.95e-08
1.1499999999999999e-08
1.65e-08
1.88e-08
1.6e-08
9.690000000000001e-09
1.37e-08
1.55e-08
1.42e-08
8.86e-09
1.2099999999999999e-08
1.37e-08
1.33e-08
8.5e-09
1.14e-08
1.28e-08
1.3e-08
8.49e-09
1.1100000000000002e-08
1.26e-08
1.29e-08
8.92e-09
1.14e-08
1.25e-08
1.37e-08
9.740000000000002e-09
1.2e-08
1.33e-08
1.53e-08
1.03e-08
1.3400000000000001e-08
1.48e-08
1.65e-08
1.02e-08
1.42e-08
1.6e-08
1.84e-08
1.16e-08
1.6e-08
1.78e-08
1.99e-08
1.2099999999999999e-08
1.72e-08
1.92e-08
2.06e-08
1.25e-08
1.77e-08
1.99e-08
2.11e-08
1.26e-08
1.79e-08
2.04e-08
2.11e-08
1.24e-08
1.78e-08
2.02e-08
2.0699999999999997e-08
1.22e-08
1.76e-08
2e-08
1.91e-08
1.14e-08
1.63e-08
1.85e-08
1.63e-08
9.64e-09
1.37e-08
1.58e-08
1.6e-08
9.28e-09
1.37e-08
1.55e-08
1.8700000000000002e-08
1.07e-08
1.57e-08
1.8e-08
2.0099999999999998e-08
1.1899999999999999e-08
1.72e-08
1.94e-08
1.78e-08
1.05e-08
1.52e-08
1.73e-08
1.56e-08
9.150000000000001e-09
1.33e-08
1.51e-08
1.4e-08
8.409999999999999e-09
1.2e-08
1.35e-08
1.38e-08
8.16e-09
1.16e-08
1.32e-08
1.33e-08
8.209999999999999e-09
1.1499999999999999e-08
1.29e-08
1.4299999999999999e-08
8.959999999999999e-09
1.23e-08
1.37e-08
1.52e-08
9.13e-09
1.3e-08
1.47e-08
1.67e-08
1.04e-08
1.4099999999999999e-08
1.6100000000000002e-08
1.8999999999999998e-08
1.1899999999999999e-08
1.62e-08
1.84e-08
1.99e-08
1.2099999999999999e-08
1.71e-08
1.92e-08
2.1e-08
1.28e-08
1.8e-08
2.0299999999999996e-08
2.1e-08
1.27e-08
1.79e-08
2.0299999999999996e-08
2.04e-08
1.22e-08
1.73e-08
1.96e-08
2.06e-08
1.1899999999999999e-08
1.74e-08
1.98e-08
2.0299999999999996e-08
1.2099999999999999e-08
1.72e-08
1.96e-08
1.98e-08
1.1699999999999999e-08
1.67e-08
1.91e-08
1.8300000000000002e-08
1.06e-08
1.55e-08
1.77e-08
1.57e-08
8.9e-09
1.31e-08
1.5e-08
1.58e-08
9.159999999999999e-09
1.3400000000000001e-08
1.52e-08
1.79e-08
1.05e-08
1.52e-08
1.72e-08
1.71e-08
1.02e-08
1.46e-08
1.66e-08
1.57e-08
9.45e-09
1.35e-08
1.53e-08
1.47e-08
8.740000000000001e-09
1.24e-08
1.4099999999999999e-08
1.4499999999999999e-08
8.53e-09
1.23e-08
1.4e-08
1.48e-08
8.940000000000001e-09
1.26e-08
1.44e-08
1.6399999999999998e-08
9.740000000000002e-09
1.38e-08
1.57e-08
1.67e-08
1.02e-08
1.42e-08
1.6100000000000002e-08
1.8300000000000002e-08
1.1299999999999999e-08
1.56e-08
1.78e-08
2e-08
1.2e-08
1.73e-08
1.93e-08
2.0099999999999998e-08
1.1899999999999999e-08
1.72e-08
1.94e-08
2.0699999999999997e-08
1.25e-08
1.77e-08
1.99e-08
2.02e-08
1.25e-08
1.74e-08
1.96e-08
2.0499999999999998e-08
1.2099999999999999e-08
1.76e-08
1.98e-08
2.06e-08
1.2e-08
1.75e-08
1.99e-08
1.99e-08
1.1699999999999999e-08
1.69e-08
1.91e-08
2.0499999999999998e-08
1.23e-08
1.77e-08
1.99e-08
1.94e-08
1.1299999999999999e-08
1.65e-08
1.8700000000000002e-08
1.8e-08
1.07e-08
1.54e-08
1.74e-08
1.57e-08
9.229999999999999e-09
1.3400000000000001e-08
1.52e-08
1.53e-08
8.98e-09
1.29e-08
1.47e-08
1.72e-08
1.01e-08
1.46e-08
1.67e-08
1.63e-08
9.68e-09
1.4e-08
1.58e-08
1.56e-08
9.3e-09
1.3400000000000001e-08
1.5e-08
1.6100000000000002e-08
9.490000000000001e-09
1.35e-08
1.55e-08
1.7e-08
1.02e-08
1.44e-08
1.65e-08
1.76e-08
1.06e-08
1.51e-08
1.71e-08
1.82e-08
1.1000000000000001e-08
1.55e-08
1.76e-08
1.8700000000000002e-08
1.09e-08
1.59e-08
1.8e-08
1.95e-08
1.2e-08
1.69e-08
1.8999999999999998e-08
1.92e-08
1.16e-08
1.65e-08
1.86e-08
2.0099999999999998e-08
1.18e-08
1.72e-08
1.93e-08
2e-08
1.18e-08
1.71e-08
1.93e-08
1.97e-08
1.1899999999999999e-08
1.69e-08
1.8999999999999998e-08
1.91e-08
1.1100000000000002e-08
1.62e-08
1.84e-08
1.86e-08
1.09e-08
1.57e-08
1.79e-08
1.85e-08
1.06e-08
1.56e-08
1.79e-08
1.89e-08
1.1499999999999999e-08
1.6100000000000002e-08
1.8300000000000002e-08
1.8700000000000002e-08
1.09e-08
1.59e-08
1.81e-08
1.69e-08
1e-08
1.44e-08
1.63e-08
1.51e-08
8.85e-09
1.3e-08
1.46e-08
1.3899999999999999e-08
8.16e-09
1.1899999999999999e-08
1.3400000000000001e-08
1.57e-08
9.17e-09
1.32e-08
1.51e-08
1.54e-08
9.179999999999998e-09
1.33e-08
1.49e-08
1.62e-08
9.690000000000001e-09
1.38e-08
1.57e-08
1.72e-08
1.02e-08
1.46e-08
1.66e-08
1.79e-08
1.06e-08
1.54e-08
1.73e-08
1.78e-08
1.05e-08
1.52e-08
1.73e-08
1.78e-08
1.04e-08
1.52e-08
1.72e-08
1.79e-08
1.03e-08
1.52e-08
1.73e-08
1.79e-08
1.08e-08
1.51e-08
1.72e-08
1.82e-08
1.09e-08
1.57e-08
1.76e-08
1.8300000000000002e-08
1.08e-08
1.56e-08
1.77e-08
1.81e-08
1.09e-08
1.57e-08
1.75e-08
1.8300000000000002e-08
1.06e-08
1.55e-08
1.76e-08
1.79e-08
1.07e-08
1.55e-08
1.74e-08
1.84e-08
1.07e-08
1.55e-08
1.76e-08
1.76e-08
1.03e-08
1.49e-08
1.7e-08
1.75e-08
1.03e-08
1.49e-08
1.69e-08
1.7e-08
1e-08
1.44e-08
1.6399999999999998e-08
1.6100000000000002e-08
9.39e-09
1.35e-08
1.56e-08
1.35e-08
7.659999999999999e-09
1.1299999999999999e-08
1.29e-08
1.16e-08
6.709999999999999e-09
9.81e-09
1.1100000000000002e-08
1.35e-08
8.190000000000001e-09
1.1699999999999999e-08
1.31e-08
1.46e-08
8.43e-09
1.23e-08
1.4e-08
1.48e-08
8.83e-09
1.26e-08
1.4299999999999999e-08
1.46e-08
8.55e-09
1.25e-08
1.4099999999999999e-08
1.51e-08
8.88e-09
1.27e-08
1.4499999999999999e-08
1.56e-08
9.140000000000001e-09
1.33e-08
1.51e-08
1.55e-08
9.140000000000001e-09
1.32e-08
1.5e-08
1.56e-08
9.1e-09
1.33e-08
1.5e-08
1.57e-08
9.46e-09
1.3400000000000001e-08
1.52e-08
1.59e-08
9.340000000000001e-09
1.35e-08
1.54e-08
1.6100000000000002e-08
9.490000000000001e-09
1.3600000000000001e-08
1.55e-08
1.6100000000000002e-08
9.45e-09
1.37e-08
1.56e-08
1.58e-08
9.1e-09
1.3400000000000001e-08
1.52e-08
1.55e-08
9.02e-09
1.32e-08
1.5e-08
1.59e-08
9.309999999999999e-09
1.35e-08
1.54e-08
1.59e-08
9.28e-09
1.3600000000000001e-08
1.54e-08
1.51e-08
8.68e-09
1.28e-08
1.46e-08
1.46e-08
8.66e-09
1.24e-08
1.4099999999999999e-08
1.4e-08
8.29e-09
1.1899999999999999e-08
1.35e-08
1.25e-08
7.28e-09
1.05e-08
1.2e-08
