2.23e-09
1.55e-09
3.5700000000000003e-09
2.12e-09
2.54e-09
1.6699999999999998e-09
3.829999999999999e-09
2.44e-09
2.8899999999999997e-09
1.9699999999999996e-09
4.17e-09
2.7699999999999997e-09
3.08e-09
2.0999999999999998e-09
4.3e-09
2.9399999999999998e-09
3.05e-09
2.1100000000000004e-09
4.41e-09
2.9399999999999998e-09
2.97e-09
2.0800000000000003e-09
4.120000000000001e-09
2.85e-09
3.16e-09
2.21e-09
4.220000000000001e-09
3.05e-09
2.99e-09
2.17e-09
4.4799999999999994e-09
2.8600000000000005e-09
3.19e-09
2.5600000000000003e-09
7.26e-09
3.08e-09
3.18e-09
2.38e-09
8.82e-09
3.09e-09
3.37e-09
2.5e-09
9.03e-09
3.2600000000000003e-09
3.08e-09
2.38e-09
8.52e-09
2.98e-09
2.97e-09
1.88e-09
2.58e-09
2.87e-09
3.0599999999999998e-09
2.0300000000000002e-09
2.87e-09
2.9399999999999998e-09
3.09e-09
1.85e-09
2.6899999999999996e-09
3e-09
2.8199999999999998e-09
1.58e-09
2.33e-09
2.72e-09
2.8600000000000005e-09
1.6300000000000002e-09
2.42e-09
2.7600000000000004e-09
3.05e-09
1.79e-09
2.6e-09
2.93e-09
2.7899999999999997e-09
1.61e-09
2.37e-09
2.7399999999999996e-09
2.6800000000000003e-09
1.55e-09
2.2e-09
2.58e-09
2.35e-09
1.46e-09
2.0499999999999997e-09
2.2899999999999997e-09
2.8899999999999997e-09
1.9699999999999996e-09
4.19e-09
2.8000000000000003e-09
3.0599999999999998e-09
2.07e-09
4.689999999999999e-09
2.9399999999999998e-09
3.04e-09
2.0999999999999998e-09
4.72e-09
2.9600000000000005e-09
3.3799999999999995e-09
2.54e-09
4.94e-09
3.25e-09
3.42e-09
2.3399999999999998e-09
5.390000000000001e-09
3.32e-09
3.3799999999999995e-09
2.42e-09
5.06e-09
3.2600000000000003e-09
3.5600000000000005e-09
2.55e-09
4.98e-09
3.4299999999999995e-09
3.4000000000000003e-09
2.55e-09
5.96e-09
3.3e-09
3.6700000000000004e-09
2.46e-09
5.14e-09
3.5200000000000003e-09
3.5600000000000005e-09
2.8800000000000004e-09
1.04e-08
3.4399999999999997e-09
3.5700000000000003e-09
2.92e-09
1e-08
3.3899999999999997e-09
3.86e-09
2.93e-09
1.02e-08
3.74e-09
3.5200000000000003e-09
2.2e-09
3.14e-09
3.4000000000000003e-09
3.4299999999999995e-09
2.2e-09
2.98e-09
3.3e-09
3.4899999999999997e-09
2.26e-09
3.05e-09
3.3799999999999995e-09
3.3899999999999997e-09
1.93e-09
2.92e-09
3.2899999999999996e-09
3.4399999999999997e-09
1.98e-09
2.8800000000000004e-09
3.3e-09
3.53e-09
2.0499999999999997e-09
2.92e-09
3.3899999999999997e-09
3.3399999999999996e-09
1.9699999999999996e-09
2.8600000000000005e-09
3.25e-09
2.92e-09
1.7000000000000001e-09
2.43e-09
2.7800000000000003e-09
2.47e-09
1.4099999999999999e-09
2.0600000000000003e-09
2.37e-09
2.7600000000000004e-09
1.84e-09
3.98e-09
2.65e-09
3.18e-09
2.1899999999999997e-09
4.95e-09
3.07e-09
3.53e-09
2.51e-09
5.84e-09
3.4100000000000004e-09
3.55e-09
2.59e-09
5.760000000000001e-09
3.4399999999999997e-09
3.59e-09
2.6899999999999996e-09
5.920000000000001e-09
3.4600000000000005e-09
3.6200000000000003e-09
2.6100000000000003e-09
5.96e-09
3.4899999999999997e-09
3.63e-09
2.7500000000000002e-09
5.749999999999999e-09
3.5100000000000005e-09
3.6200000000000003e-09
2.7800000000000003e-09
5.47e-09
3.5200000000000003e-09
3.88e-09
3e-09
6.07e-09
3.75e-09
3.8200000000000005e-09
3.22e-09
1.2099999999999999e-08
3.7e-09
3.73e-09
3.18e-09
1.26e-08
3.5700000000000003e-09
3.77e-09
3.12e-09
1.1899999999999999e-08
3.6e-09
3.7e-09
2.37e-09
3.3399999999999996e-09
3.59e-09
3.9e-09
2.38e-09
3.4100000000000004e-09
3.73e-09
4.14e-09
2.35e-09
3.4899999999999997e-09
3.99e-09
3.55e-09
2.09e-09
2.97e-09
3.42e-09
3.4600000000000005e-09
2.14e-09
2.98e-09
3.32e-09
3.6200000000000003e-09
2.0999999999999998e-09
3.09e-09
3.4899999999999997e-09
3.4799999999999996e-09
2.0999999999999998e-09
2.95e-09
3.37e-09
3.18e-09
1.9100000000000002e-09
2.7e-09
3.05e-09
2.7600000000000004e-09
1.62e-09
2.43e-09
2.6899999999999996e-09
2.9100000000000005e-09
1.9100000000000002e-09
4.05e-09
2.7800000000000003e-09
3.53e-09
2.43e-09
5.27e-09
3.4000000000000003e-09
3.42e-09
2.44e-09
5.579999999999999e-09
3.2799999999999994e-09
3.6099999999999997e-09
2.7300000000000003e-09
6.949999999999999e-09
3.45e-09
3.5399999999999998e-09
2.67e-09
6.3900000000000005e-09
3.4600000000000005e-09
3.87e-09
2.9600000000000005e-09
6.9099999999999995e-09
3.7e-09
4.0999999999999995e-09
3.19e-09
7.340000000000001e-09
3.9299999999999995e-09
4.04e-09
3.2e-09
6.459999999999999e-09
3.8900000000000004e-09
3.85e-09
3.17e-09
7.41e-09
3.7200000000000004e-09
3.9200000000000005e-09
3.69e-09
1.46e-08
3.77e-09
3.68e-09
3.5600000000000005e-09
1.48e-08
3.5600000000000005e-09
3.8e-09
2.7800000000000003e-09
4.94e-09
3.6599999999999998e-09
4.25e-09
2.62e-09
3.97e-09
4.09e-09
3.9e-09
2.26e-09
3.42e-09
3.79e-09
3.84e-09
2.31e-09
3.2799999999999994e-09
3.74e-09
3.86e-09
2.31e-09
3.3100000000000004e-09
3.74e-09
3.59e-09
2.0999999999999998e-09
3.12e-09
3.4600000000000005e-09
3.3299999999999995e-09
1.94e-09
2.85e-09
3.22e-09
3.55e-09
2.2e-09
3.11e-09
3.4299999999999995e-09
3.2799999999999994e-09
1.9100000000000002e-09
2.7899999999999997e-09
3.15e-09
2.72e-09
1.6300000000000002e-09
2.2899999999999997e-09
2.62e-09
2.98e-09
2.17e-09
4.28e-09
2.8800000000000004e-09
3.42e-09
2.39e-09
5.01e-09
3.32e-09
3.55e-09
2.49e-09
5.74e-09
3.4100000000000004e-09
3.7e-09
2.6600000000000003e-09
6.45e-09
3.53e-09
3.9299999999999995e-09
3.19e-09
8.6e-09
3.81e-09
3.9299999999999995e-09
3.2600000000000003e-09
8.03e-09
3.79e-09
3.73e-09
3.2799999999999994e-09
7.879999999999998e-09
3.65e-09
3.91e-09
3.37e-09
8.18e-09
3.77e-09
3.95e-09
3.63e-09
1.04e-08
3.79e-09
4.04e-09
4.24e-09
1.93e-08
3.939999999999999e-09
3.96e-09
4.05e-09
1.97e-08
3.79e-09
4.13e-09
3.16e-09
4.6100000000000004e-09
3.99e-09
3.99e-09
2.49e-09
3.65e-09
3.78e-09
3.98e-09
2.48e-09
3.3899999999999997e-09
3.85e-09
3.99e-09
2.43e-09
3.3899999999999997e-09
3.86e-09
3.77e-09
2.13e-09
3.15e-09
3.64e-09
3.65e-09
2.15e-09
3.12e-09
3.5e-09
3.8e-09
2.2399999999999997e-09
3.32e-09
3.71e-09
3.7200000000000004e-09
2.25e-09
3.21e-09
3.59e-09
3.3100000000000004e-09
2.02e-09
2.8800000000000004e-09
3.21e-09
2.7699999999999997e-09
1.6e-09
2.3399999999999998e-09
2.7e-09
3.11e-09
2.1600000000000004e-09
4.45e-09
2.98e-09
3.3899999999999997e-09
2.45e-09
5.2200000000000006e-09
3.2799999999999994e-09
3.4399999999999997e-09
2.72e-09
5.889999999999999e-09
3.3399999999999996e-09
3.99e-09
3.18e-09
7.06e-09
3.84e-09
3.8900000000000004e-09
3e-09
7.8e-09
3.78e-09
3.96e-09
3.4100000000000004e-09
1.05e-08
3.8200000000000005e-09
3.73e-09
3.4100000000000004e-09
1.03e-08
3.5600000000000005e-09
4.08e-09
3.88e-09
1.05e-08
3.939999999999999e-09
3.829999999999999e-09
3.8e-09
8.49e-09
3.69e-09
4.0299999999999995e-09
4.53e-09
2.1e-08
3.87e-09
4e-09
5.17e-09
2.7e-08
3.85e-09
4.0600000000000005e-09
3.05e-09
3.75e-09
3.9200000000000005e-09
4.08e-09
2.6800000000000003e-09
3.7200000000000004e-09
3.98e-09
4.020000000000001e-09
2.52e-09
3.45e-09
3.86e-09
4.01e-09
2.42e-09
3.3899999999999997e-09
3.8900000000000004e-09
4.08e-09
2.44e-09
3.5600000000000005e-09
3.99e-09
3.6700000000000004e-09
2.2399999999999997e-09
3.21e-09
3.55e-09
3.829999999999999e-09
2.21e-09
3.2600000000000003e-09
3.7e-09
3.6599999999999998e-09
2.22e-09
3.21e-09
3.5100000000000005e-09
3.2299999999999994e-09
1.93e-09
2.7899999999999997e-09
3.13e-09
2.72e-09
1.59e-09
2.3e-09
2.62e-09
3.11e-09
2.13e-09
4e-09
2.98e-09
3.53e-09
2.47e-09
4.96e-09
3.3899999999999997e-09
3.59e-09
2.7800000000000003e-09
5.7700000000000005e-09
3.4299999999999995e-09
3.7200000000000004e-09
3.08e-09
7.190000000000001e-09
3.6099999999999997e-09
3.74e-09
3.04e-09
8.050000000000001e-09
3.59e-09
4.0299999999999995e-09
3.64e-09
1.03e-08
3.9299999999999995e-09
3.85e-09
4.0600000000000005e-09
1.5e-08
3.7e-09
4.23e-09
4.66e-09
1.46e-08
4.08e-09
4.11e-09
4.870000000000001e-09
1.38e-08
3.98e-09
3.97e-09
4.91e-09
1.3400000000000001e-08
3.86e-09
3.9200000000000005e-09
6.42e-09
3.8900000000000004e-08
3.78e-09
4.020000000000001e-09
3.3e-09
4e-09
3.91e-09
4.020000000000001e-09
2.67e-09
3.4299999999999995e-09
3.87e-09
3.91e-09
2.5600000000000003e-09
3.3899999999999997e-09
3.77e-09
3.6700000000000004e-09
2.27e-09
3.24e-09
3.55e-09
3.65e-09
2.27e-09
3.14e-09
3.5399999999999998e-09
4.0299999999999995e-09
2.38e-09
3.4299999999999995e-09
3.87e-09
3.6099999999999997e-09
2.13e-09
3.12e-09
3.4700000000000002e-09
3.829999999999999e-09
2.35e-09
3.2600000000000003e-09
3.65e-09
3.4399999999999997e-09
2.17e-09
3.0599999999999998e-09
3.3500000000000002e-09
2.95e-09
1.7399999999999998e-09
2.53e-09
2.8399999999999997e-09
3.07e-09
2.0999999999999998e-09
4.5799999999999995e-09
2.9399999999999998e-09
3.3500000000000002e-09
2.5e-09
6.1e-09
3.2e-09
3.79e-09
2.7100000000000004e-09
5.8e-09
3.6700000000000004e-09
3.8e-09
3.0099999999999997e-09
6.2e-09
3.68e-09
3.91e-09
3.4700000000000002e-09
8.27e-09
3.81e-09
3.9200000000000005e-09
3.71e-09
1.05e-08
3.78e-09
3.81e-09
4.23e-09
1.42e-08
3.6599999999999998e-09
3.939999999999999e-09
5.4e-09
2.32e-08
3.81e-09
3.8900000000000004e-09
6.48e-09
2.18e-08
3.8e-09
3.7e-09
7.3e-09
2.88e-08
3.58e-09
3.55e-09
9.24e-09
6.01e-08
3.42e-09
3.59e-09
3.88e-09
3.79e-09
3.4600000000000005e-09
3.5200000000000003e-09
2.95e-09
3.22e-09
3.3799999999999995e-09
3.76e-09
2.7e-09
3.3899999999999997e-09
3.64e-09
3.5600000000000005e-09
2.2399999999999997e-09
2.98e-09
3.4399999999999997e-09
3.53e-09
2.2399999999999997e-09
3.03e-09
3.4000000000000003e-09
3.59e-09
2.23e-09
3.16e-09
3.4799999999999996e-09
3.6200000000000003e-09
2.3399999999999998e-09
3.11e-09
3.5e-09
3.55e-09
2.0800000000000003e-09
2.98e-09
3.4299999999999995e-09
3.03e-09
1.71e-09
2.6100000000000003e-09
2.9e-09
3.0599999999999998e-09
1.84e-09
2.6899999999999996e-09
2.98e-09
3.0099999999999997e-09
2.3399999999999998e-09
7.020000000000001e-09
2.9100000000000005e-09
3.4700000000000002e-09
2.5e-09
5.05e-09
3.37e-09
3.829999999999999e-09
2.92e-09
6.0199999999999995e-09
3.76e-09
3.79e-09
3.08e-09
7.190000000000001e-09
3.6e-09
3.8e-09
3.3799999999999995e-09
9.97e-09
3.6700000000000004e-09
4e-09
3.69e-09
8.92e-09
3.88e-09
3.79e-09
4.73e-09
1.3e-08
3.6599999999999998e-09
3.5200000000000003e-09
6.4900000000000005e-09
2.14e-08
3.42e-09
3.5200000000000003e-09
9.490000000000001e-09
4.27e-08
3.3899999999999997e-09
3.3100000000000004e-09
1.14e-08
3.18e-08
3.2600000000000003e-09
3.27e-09
1.66e-08
6.84e-08
3.12e-09
2.8899999999999997e-09
7.390000000000001e-09
9.76e-09
2.7800000000000003e-09
3e-09
4.120000000000001e-09
4.92e-09
2.92e-09
3.2299999999999994e-09
2.8000000000000003e-09
3.08e-09
3.14e-09
3.6099999999999997e-09
2.45e-09
3.18e-09
3.5e-09
3.79e-09
2.49e-09
3.32e-09
3.65e-09
3.6200000000000003e-09
2.35e-09
3.16e-09
3.5e-09
3.4299999999999995e-09
2.07e-09
2.9399999999999998e-09
3.2899999999999996e-09
3.3600000000000004e-09
2.18e-09
2.87e-09
3.2899999999999996e-09
3.3500000000000002e-09
2.0999999999999998e-09
2.9100000000000005e-09
3.2600000000000003e-09
2.9399999999999998e-09
1.7199999999999999e-09
2.52e-09
2.8300000000000004e-09
3.08e-09
2.46e-09
8.440000000000001e-09
2.99e-09
3.2e-09
2.72e-09
9.890000000000001e-09
3.09e-09
3.6e-09
2.97e-09
1.2099999999999999e-08
3.4899999999999997e-09
3.68e-09
3.4600000000000005e-09
1.47e-08
3.58e-09
3.69e-09
3.77e-09
1.85e-08
3.53e-09
3.939999999999999e-09
4.55e-09
2.09e-08
3.81e-09
3.6599999999999998e-09
4.66e-09
1.35e-08
3.5100000000000005e-09
3.42e-09
7.120000000000001e-09
2.89e-08
3.3100000000000004e-09
3.5200000000000003e-09
1.16e-08
3.27e-08
3.3899999999999997e-09
3.16e-09
2.4300000000000003e-08
8.99e-08
3.0599999999999998e-09
2.7100000000000004e-09
6.24e-08
4.1799999999999996e-07
2.5600000000000003e-09
2.4e-09
2.27e-08
6.54e-08
2.31e-09
2.28e-09
7.33e-09
9.52e-09
2.18e-09
2.62e-09
3.3399999999999996e-09
3.22e-09
2.55e-09
2.87e-09
2.31e-09
2.54e-09
2.8100000000000004e-09
3.2299999999999994e-09
2.0300000000000002e-09
2.7899999999999997e-09
3.1e-09
3.3899999999999997e-09
2.2e-09
2.87e-09
3.2799999999999994e-09
3.59e-09
2.1899999999999997e-09
2.98e-09
3.4399999999999997e-09
3.2799999999999994e-09
1.9100000000000002e-09
2.7500000000000002e-09
3.15e-09
3.05e-09
1.7600000000000001e-09
2.52e-09
2.9399999999999998e-09
2.85e-09
1.7000000000000001e-09
2.42e-09
2.7500000000000002e-09
3.11e-09
2.55e-09
8.67e-09
3.03e-09
3.63e-09
2.9e-09
1.05e-08
3.5200000000000003e-09
3.74e-09
3.24e-09
1.23e-08
3.63e-09
3.84e-09
3.73e-09
1.57e-08
3.7200000000000004e-09
3.78e-09
3.76e-09
1.95e-08
3.64e-09
3.69e-09
4.970000000000001e-09
2.65e-08
3.59e-09
3.58e-09
6.36e-09
3.8900000000000004e-08
3.4600000000000005e-09
3.3100000000000004e-09
9.21e-09
6.06e-08
3.2e-09
3.2299999999999994e-09
1.6100000000000002e-08
6.88e-08
3.0599999999999998e-09
2.55e-09
6.3e-08
4.1700000000000004e-07
2.41e-09
2.2899999999999997e-09
1.68e-07
2.75e-06
2.2e-09
2.04e-09
6.57e-08
4.3e-07
1.95e-09
1.75e-09
1.69e-08
7.03e-08
1.6800000000000002e-09
2.1100000000000004e-09
5.4e-09
1.4299999999999999e-08
2.07e-09
2.44e-09
2.65e-09
4.44e-09
2.3399999999999998e-09
2.85e-09
2.04e-09
2.9600000000000005e-09
2.7500000000000002e-09
3.21e-09
2.0300000000000002e-09
2.87e-09
3.0599999999999998e-09
3.25e-09
1.99e-09
2.8000000000000003e-09
3.15e-09
3.55e-09
2e-09
3.15e-09
3.4399999999999997e-09
3.27e-09
2.0999999999999998e-09
2.92e-09
3.17e-09
3e-09
1.8e-09
2.7500000000000002e-09
2.8899999999999997e-09
2.87e-09
2.22e-09
8.440000000000001e-09
2.8100000000000004e-09
3.22e-09
2.6800000000000003e-09
9.64e-09
3.11e-09
3.4600000000000005e-09
2.92e-09
1.1299999999999999e-08
3.3299999999999995e-09
3.8e-09
2.9e-09
5.1200000000000005e-09
3.69e-09
3.69e-09
2.6300000000000002e-09
4.1999999999999996e-09
3.53e-09
3.5600000000000005e-09
2.8800000000000004e-09
3.3600000000000004e-09
3.4299999999999995e-09
3.3799999999999995e-09
3.1e-09
3.5100000000000005e-09
3.2899999999999996e-09
3.14e-09
3.4899999999999997e-09
3.3799999999999995e-09
3e-09
2.6600000000000003e-09
7.62e-09
9.83e-09
2.57e-09
2.0600000000000003e-09
2.2599999999999997e-08
6.530000000000001e-08
1.99e-09
1.6699999999999998e-09
6.55e-08
4.3100000000000003e-07
1.6e-09
1.6300000000000002e-09
2.4300000000000003e-08
9.08e-08
1.58e-09
1.82e-09
7.1400000000000006e-09
9.08e-09
1.7600000000000001e-09
1.61e-09
2.7899999999999997e-09
2.57e-09
1.55e-09
2.1600000000000004e-09
1.6699999999999998e-09
1.9e-09
2.13e-09
2.32e-09
1.55e-09
1.94e-09
2.2399999999999997e-09
2.7800000000000003e-09
1.7000000000000001e-09
2.41e-09
2.7e-09
3.15e-09
1.84e-09
2.65e-09
3.07e-09
3.2899999999999996e-09
1.8299999999999999e-09
2.7600000000000004e-09
3.18e-09
3.04e-09
1.8299999999999999e-09
2.57e-09
2.92e-09
2.8000000000000003e-09
1.61e-09
2.3399999999999998e-09
2.6600000000000003e-09
2.8300000000000004e-09
1.7800000000000003e-09
2.53e-09
2.7e-09
3.2e-09
1.98e-09
2.7800000000000003e-09
3.08e-09
3.5399999999999998e-09
2.1899999999999997e-09
3.15e-09
3.4100000000000004e-09
3.4799999999999996e-09
2.25e-09
3.2899999999999996e-09
3.3399999999999996e-09
3.3899999999999997e-09
2.12e-09
3.14e-09
3.32e-09
3.27e-09
2.25e-09
3.02e-09
3.18e-09
2.87e-09
2.0300000000000002e-09
2.49e-09
2.7399999999999996e-09
2.52e-09
2.1600000000000004e-09
2.45e-09
2.45e-09
2.0300000000000002e-09
3.65e-09
4.020000000000001e-09
1.99e-09
1.6399999999999997e-09
7.070000000000001e-09
9.29e-09
1.56e-09
1.65e-09
1.62e-08
7e-08
1.59e-09
1.3400000000000001e-09
6.42e-09
8.809999999999999e-09
1.29e-09
1.52e-09
3.4399999999999997e-09
5.63e-09
1.4800000000000003e-09
1.35e-09
1.75e-09
1.4699999999999999e-09
1.31e-09
1.8e-09
1.29e-09
1.5e-09
1.7300000000000002e-09
2.0100000000000003e-09
1.31e-09
1.71e-09
1.94e-09
2.32e-09
1.3800000000000002e-09
1.95e-09
2.2399999999999997e-09
2.9e-09
1.75e-09
2.49e-09
2.8199999999999998e-09
3.1e-09
1.89e-09
2.62e-09
2.98e-09
2.97e-09
1.8299999999999999e-09
2.55e-09
2.8899999999999997e-09
2.7100000000000004e-09
1.6399999999999997e-09
2.2899999999999997e-09
2.6300000000000002e-09
2.7500000000000002e-09
1.6899999999999997e-09
2.46e-09
2.6600000000000003e-09
2.9e-09
1.84e-09
2.57e-09
2.7899999999999997e-09
3.19e-09
1.8299999999999999e-09
2.7800000000000003e-09
3.02e-09
3.4100000000000004e-09
2.18e-09
3.0099999999999997e-09
3.3e-09
3.2299999999999994e-09
1.95e-09
2.7399999999999996e-09
3.1e-09
2.7399999999999996e-09
1.66e-09
2.31e-09
2.6600000000000003e-09
2.44e-09
1.58e-09
2.04e-09
2.35e-09
1.8600000000000002e-09
1.4400000000000002e-09
1.7399999999999998e-09
1.8e-09
1.7800000000000003e-09
1.98e-09
1.84e-09
1.7399999999999998e-09
1.5e-09
2.53e-09
2.2899999999999997e-09
1.45e-09
1.4099999999999999e-09
4.85e-09
1.32e-08
1.32e-09
1.5e-09
2.55e-09
2.37e-09
1.45e-09
1.35e-09
1.6899999999999997e-09
1.52e-09
1.3e-09
1.3900000000000002e-09
1.15e-09
1.4400000000000002e-09
1.3400000000000001e-09
1.6800000000000002e-09
1.1699999999999999e-09
1.4300000000000002e-09
1.6300000000000002e-09
1.99e-09
1.23e-09
1.7000000000000001e-09
1.93e-09
2.31e-09
1.36e-09
1.95e-09
2.23e-09
2.53e-09
1.49e-09
2.14e-09
2.44e-09
3.25e-09
1.98e-09
2.8199999999999998e-09
3.16e-09
2.99e-09
1.8100000000000002e-09
2.51e-09
2.9e-09
2.7e-09
1.55e-09
2.2899999999999997e-09
2.6100000000000003e-09
2.7899999999999997e-09
1.7199999999999999e-09
2.44e-09
2.7100000000000004e-09
3.14e-09
1.9e-09
2.7e-09
3e-09
3.3299999999999995e-09
1.93e-09
2.8300000000000004e-09
3.21e-09
3.04e-09
1.75e-09
2.51e-09
2.93e-09
2.9100000000000005e-09
1.79e-09
2.48e-09
2.8100000000000004e-09
2.41e-09
1.3800000000000002e-09
2.0499999999999997e-09
2.37e-09
2.21e-09
1.4400000000000002e-09
1.87e-09
2.14e-09
1.6399999999999997e-09
1.13e-09
1.3699999999999998e-09
1.57e-09
1.3800000000000002e-09
1.23e-09
1.25e-09
1.3400000000000001e-09
1.5e-09
1.4800000000000003e-09
1.3900000000000002e-09
1.45e-09
1.3400000000000001e-09
1.84e-09
3.4799999999999996e-09
1.2800000000000001e-09
1.5e-09
1.3800000000000002e-09
1.32e-09
1.4400000000000002e-09
1.49e-09
1.1699999999999999e-09
1.31e-09
1.4400000000000002e-09
1.7300000000000002e-09
1.27e-09
1.5e-09
1.6899999999999997e-09
2.02e-09
1.3300000000000002e-09
1.75e-09
1.95e-09
2.35e-09
1.4699999999999999e-09
2.0300000000000002e-09
2.27e-09
2.6300000000000002e-09
1.5299999999999999e-09
2.26e-09
2.52e-09
2.85e-09
1.71e-09
2.41e-09
2.7300000000000003e-09
3.15e-09
1.8299999999999999e-09
2.6100000000000003e-09
3.02e-09
2.98e-09
1.71e-09
2.48e-09
2.8899999999999997e-09
2.62e-09
1.5e-09
2.22e-09
2.5600000000000003e-09
2.5e-09
1.5299999999999999e-09
2.09e-09
2.39e-09
2.85e-09
1.6699999999999998e-09
2.42e-09
2.7300000000000003e-09
2.8399999999999997e-09
1.65e-09
2.39e-09
2.7600000000000004e-09
2.7500000000000002e-09
1.52e-09
2.3e-09
2.65e-09
2.42e-09
1.4699999999999999e-09
2.07e-09
2.35e-09
2.09e-09
1.32e-09
1.79e-09
2.0100000000000003e-09
1.7000000000000001e-09
1.07e-09
1.4699999999999999e-09
1.6399999999999997e-09
1.54e-09
1.07e-09
1.3e-09
1.49e-09
1.5e-09
1.0800000000000002e-09
1.3300000000000002e-09
1.4699999999999999e-09
1.4699999999999999e-09
9.78e-10
1.27e-09
1.4099999999999999e-09
1.59e-09
1.23e-09
1.94e-09
1.56e-09
1.9e-09
1.32e-09
1.66e-09
1.8600000000000002e-09
1.84e-09
1.2e-09
1.55e-09
1.7800000000000003e-09
2.1899999999999997e-09
1.4099999999999999e-09
1.88e-09
2.13e-09
2.52e-09
1.58e-09
2.0999999999999998e-09
2.4e-09
2.64e-09
1.5299999999999999e-09
2.22e-09
2.5600000000000003e-09
2.8000000000000003e-09
1.62e-09
2.31e-09
2.7100000000000004e-09
2.99e-09
1.61e-09
2.52e-09
2.8899999999999997e-09
3.19e-09
1.9e-09
2.7100000000000004e-09
3.08e-09
3.19e-09
1.89e-09
2.7600000000000004e-09
3.11e-09
2.7e-09
1.59e-09
2.27e-09
2.5600000000000003e-09
2.38e-09
1.36e-09
2.0100000000000003e-09
2.26e-09
2.6600000000000003e-09
1.6300000000000002e-09
2.32e-09
2.62e-09
2.59e-09
1.4800000000000003e-09
2.2399999999999997e-09
2.53e-09
2.31e-09
1.3699999999999998e-09
2e-09
2.21e-09
1.92e-09
1.0499999999999999e-09
1.58e-09
1.85e-09
1.59e-09
9.78e-10
1.31e-09
1.51e-09
1.7600000000000001e-09
1.09e-09
1.49e-09
1.7000000000000001e-09
1.59e-09
9.83e-10
1.3300000000000002e-09
1.52e-09
1.7300000000000002e-09
1.1199999999999999e-09
1.54e-09
1.7000000000000001e-09
1.7600000000000001e-09
1.1199999999999999e-09
1.56e-09
1.7300000000000002e-09
1.9600000000000003e-09
1.35e-09
1.7199999999999999e-09
1.89e-09
2.13e-09
1.31e-09
1.8100000000000002e-09
2.07e-09
2.42e-09
1.4400000000000002e-09
2.09e-09
2.36e-09
2.8000000000000003e-09
1.6699999999999998e-09
2.35e-09
2.72e-09
2.9e-09
1.6899999999999997e-09
2.48e-09
2.8100000000000004e-09
2.8800000000000004e-09
1.7699999999999999e-09
2.54e-09
2.8000000000000003e-09
3.12e-09
1.84e-09
2.5600000000000003e-09
2.98e-09
3.2299999999999994e-09
1.8299999999999999e-09
2.72e-09
3.12e-09
3.16e-09
1.85e-09
2.6800000000000003e-09
3.0599999999999998e-09
3.2600000000000003e-09
1.95e-09
2.7500000000000002e-09
3.15e-09
2.92e-09
1.7199999999999999e-09
2.54e-09
2.8300000000000004e-09
2.2399999999999997e-09
1.3699999999999998e-09
1.88e-09
2.1899999999999997e-09
2.39e-09
1.4099999999999999e-09
2.0600000000000003e-09
2.28e-09
2.42e-09
1.4300000000000002e-09
2.0300000000000002e-09
2.32e-09
1.98e-09
1.15e-09
1.6399999999999997e-09
1.9100000000000002e-09
1.7000000000000001e-09
9.589999999999999e-10
1.45e-09
1.6399999999999997e-09
1.9100000000000002e-09
1.0800000000000002e-09
1.62e-09
1.85e-09
1.7199999999999999e-09
9.69e-10
1.4300000000000002e-09
1.66e-09
2.02e-09
1.24e-09
1.6899999999999997e-09
1.94e-09
2.0999999999999998e-09
1.36e-09
1.8299999999999999e-09
2.0300000000000002e-09
2.37e-09
1.52e-09
2.04e-09
2.28e-09
2.42e-09
1.45e-09
2.0499999999999997e-09
2.35e-09
3e-09
1.7600000000000001e-09
2.49e-09
2.8899999999999997e-09
2.7800000000000003e-09
1.6800000000000002e-09
2.33e-09
2.6899999999999996e-09
3.05e-09
1.8600000000000002e-09
2.59e-09
2.92e-09
3.09e-09
1.87e-09
2.62e-09
2.93e-09
2.97e-09
1.7800000000000003e-09
2.5600000000000003e-09
2.8800000000000004e-09
3.16e-09
1.87e-09
2.7500000000000002e-09
3.0599999999999998e-09
3.42e-09
1.9e-09
2.87e-09
3.27e-09
3.2299999999999994e-09
1.95e-09
2.7699999999999997e-09
3.1e-09
2.9e-09
1.6899999999999997e-09
2.4e-09
2.7800000000000003e-09
2.65e-09
1.6300000000000002e-09
2.26e-09
2.55e-09
2.23e-09
1.35e-09
1.88e-09
2.15e-09
2.31e-09
1.3400000000000001e-09
1.9699999999999996e-09
2.22e-09
2.09e-09
1.23e-09
1.79e-09
2.0300000000000002e-09
2.2e-09
1.22e-09
1.85e-09
2.12e-09
1.89e-09
1.18e-09
1.66e-09
1.85e-09
2.36e-09
1.32e-09
1.9600000000000003e-09
2.27e-09
2.26e-09
1.36e-09
1.9100000000000002e-09
2.18e-09
2.37e-09
1.4099999999999999e-09
2.0300000000000002e-09
2.28e-09
2.4e-09
1.52e-09
2.07e-09
2.3399999999999998e-09
2.8199999999999998e-09
1.7000000000000001e-09
2.42e-09
2.7500000000000002e-09
2.9100000000000005e-09
1.6899999999999997e-09
2.45e-09
2.8100000000000004e-09
2.99e-09
1.75e-09
2.51e-09
2.87e-09
3.02e-09
1.7699999999999999e-09
2.6300000000000002e-09
2.97e-09
2.98e-09
1.85e-09
2.54e-09
2.8899999999999997e-09
3.21e-09
1.95e-09
2.72e-09
3.1e-09
3.04e-09
1.7600000000000001e-09
2.55e-09
2.98e-09
2.95e-09
1.7000000000000001e-09
2.49e-09
2.87e-09
3.3500000000000002e-09
2.0800000000000003e-09
2.8800000000000004e-09
3.27e-09
2.8300000000000004e-09
1.6e-09
2.37e-09
2.7300000000000003e-09
2.8899999999999997e-09
1.65e-09
2.42e-09
2.7800000000000003e-09
2.44e-09
1.3699999999999998e-09
2.0600000000000003e-09
2.35e-09
2.2399999999999997e-09
1.31e-09
1.88e-09
2.15e-09
2.3399999999999998e-09
1.36e-09
1.9100000000000002e-09
2.26e-09
2.31e-09
1.2800000000000001e-09
1.94e-09
2.2e-09
2.2899999999999997e-09
1.4199999999999999e-09
1.93e-09
2.21e-09
2.35e-09
1.4400000000000002e-09
2.0300000000000002e-09
2.27e-09
2.28e-09
1.3800000000000002e-09
1.98e-09
2.21e-09
2.65e-09
1.6300000000000002e-09
2.3e-09
2.5600000000000003e-09
2.62e-09
1.6e-09
2.26e-09
2.51e-09
2.7e-09
1.56e-09
2.3e-09
2.6e-09
2.6600000000000003e-09
1.6399999999999997e-09
2.31e-09
2.59e-09
2.8100000000000004e-09
1.65e-09
2.43e-09
2.72e-09
2.8800000000000004e-09
1.6800000000000002e-09
2.38e-09
2.7500000000000002e-09
2.7600000000000004e-09
1.58e-09
2.36e-09
2.65e-09
2.97e-09
1.7600000000000001e-09
2.5e-09
2.8600000000000005e-09
2.8300000000000004e-09
1.6800000000000002e-09
2.4e-09
2.7300000000000003e-09
3.09e-09
1.9e-09
2.64e-09
2.99e-09
2.9e-09
1.65e-09
2.39e-09
2.7899999999999997e-09
2.8000000000000003e-09
1.55e-09
2.28e-09
2.65e-09
2.97e-09
1.7600000000000001e-09
2.55e-09
2.8800000000000004e-09
2.62e-09
1.49e-09
2.21e-09
2.53e-09
2.22e-09
1.36e-09
1.9e-09
2.12e-09
1.7600000000000001e-09
1.06e-09
1.54e-09
1.71e-09
2.22e-09
1.3e-09
1.87e-09
2.14e-09
2.17e-09
1.2800000000000001e-09
1.8299999999999999e-09
2.09e-09
2.09e-09
1.2e-09
1.8e-09
2.0300000000000002e-09
2.04e-09
1.19e-09
1.7600000000000001e-09
1.9600000000000003e-09
2.32e-09
1.24e-09
1.9100000000000002e-09
2.21e-09
2.23e-09
1.36e-09
1.89e-09
2.17e-09
2.21e-09
1.3300000000000002e-09
1.84e-09
2.12e-09
2.51e-09
1.56e-09
2.1600000000000004e-09
2.44e-09
2.7399999999999996e-09
1.6399999999999997e-09
2.27e-09
2.6300000000000002e-09
2.48e-09
1.46e-09
2.1100000000000004e-09
2.39e-09
2.6800000000000003e-09
1.61e-09
2.3399999999999998e-09
2.57e-09
2.6100000000000003e-09
1.59e-09
2.2399999999999997e-09
2.53e-09
2.8199999999999998e-09
1.71e-09
2.37e-09
2.7300000000000003e-09
2.6899999999999996e-09
1.56e-09
2.23e-09
2.55e-09
2.7300000000000003e-09
1.6399999999999997e-09
2.31e-09
2.64e-09
2.6e-09
1.4300000000000002e-09
2.1600000000000004e-09
2.51e-09
2.6800000000000003e-09
1.56e-09
2.2399999999999997e-09
2.57e-09
2.58e-09
1.49e-09
2.21e-09
2.46e-09
2.48e-09
1.3699999999999998e-09
2.0100000000000003e-09
2.41e-09
2.0499999999999997e-09
1.16e-09
1.7000000000000001e-09
1.99e-09
