1.1e-09
7.030000000000001e-10
9.130000000000001e-10
1.06e-09
1.14e-09
7.820000000000001e-10
9.97e-10
1.14e-09
1.4699999999999999e-09
9.41e-10
1.24e-09
1.4199999999999999e-09
1.4000000000000001e-09
8.75e-10
1.1699999999999999e-09
1.3300000000000002e-09
1.4800000000000003e-09
9.17e-10
1.26e-09
1.4099999999999999e-09
1.31e-09
8.8e-10
1.15e-09
1.26e-09
1.4699999999999999e-09
8.75e-10
1.18e-09
1.3900000000000002e-09
1.4400000000000002e-09
9.919999999999999e-10
1.26e-09
1.4000000000000001e-09
1.51e-09
1.01e-09
1.24e-09
1.4300000000000002e-09
1.36e-09
1.02e-09
1.15e-09
1.31e-09
1.58e-09
1.16e-09
1.32e-09
1.5299999999999999e-09
1.3900000000000002e-09
1.0300000000000002e-09
1.19e-09
1.35e-09
1.3300000000000002e-09
7.870000000000001e-10
1.1199999999999999e-09
1.27e-09
1.45e-09
8.34e-10
1.24e-09
1.4199999999999999e-09
1.4300000000000002e-09
8.52e-10
1.27e-09
1.3900000000000002e-09
1.4300000000000002e-09
7.820000000000001e-10
1.21e-09
1.3800000000000002e-09
1.26e-09
7.31e-10
1.1e-09
1.21e-09
1.36e-09
8.24e-10
1.16e-09
1.3e-09
1.15e-09
6.29e-10
1.01e-09
1.14e-09
1.2e-09
7.22e-10
1.02e-09
1.14e-09
1.0800000000000002e-09
6.149999999999999e-10
9.36e-10
1.0499999999999999e-09
1.15e-09
7.679999999999999e-10
9.36e-10
1.09e-09
1.3900000000000002e-09
9.030000000000001e-10
1.21e-09
1.35e-09
1.5e-09
9.589999999999999e-10
1.26e-09
1.45e-09
1.52e-09
9.73e-10
1.2800000000000001e-09
1.4699999999999999e-09
1.51e-09
1.06e-09
1.2800000000000001e-09
1.4699999999999999e-09
1.6699999999999998e-09
1.11e-09
1.4300000000000002e-09
1.6e-09
1.6699999999999998e-09
1.07e-09
1.3900000000000002e-09
1.61e-09
1.7300000000000002e-09
1.27e-09
1.4699999999999999e-09
1.6800000000000002e-09
1.7600000000000001e-09
1.15e-09
1.4400000000000002e-09
1.7000000000000001e-09
1.6899999999999997e-09
1.24e-09
1.46e-09
1.6399999999999997e-09
1.62e-09
1.16e-09
1.3699999999999998e-09
1.57e-09
1.6699999999999998e-09
1.23e-09
1.4300000000000002e-09
1.6300000000000002e-09
1.6300000000000002e-09
9.87e-10
1.3800000000000002e-09
1.57e-09
1.6300000000000002e-09
1.01e-09
1.4300000000000002e-09
1.57e-09
1.66e-09
9.27e-10
1.4199999999999999e-09
1.62e-09
1.7300000000000002e-09
9.73e-10
1.46e-09
1.6899999999999997e-09
1.61e-09
9.130000000000001e-10
1.3699999999999998e-09
1.56e-09
1.49e-09
8.43e-10
1.27e-09
1.4400000000000002e-09
1.55e-09
9.97e-10
1.4000000000000001e-09
1.51e-09
1.3300000000000002e-09
8.29e-10
1.15e-09
1.3e-09
1.23e-09
7.31e-10
1.0800000000000002e-09
1.2e-09
1.36e-09
8.43e-10
1.18e-09
1.31e-09
1.46e-09
9.27e-10
1.2e-09
1.4000000000000001e-09
1.6399999999999997e-09
1.1e-09
1.3900000000000002e-09
1.56e-09
1.7800000000000003e-09
1.21e-09
1.51e-09
1.7199999999999999e-09
1.75e-09
1.18e-09
1.52e-09
1.7000000000000001e-09
1.61e-09
1.1199999999999999e-09
1.3800000000000002e-09
1.57e-09
1.58e-09
1.1e-09
1.35e-09
1.51e-09
1.9e-09
1.31e-09
1.6399999999999997e-09
1.8299999999999999e-09
1.66e-09
1.27e-09
1.4199999999999999e-09
1.62e-09
1.7300000000000002e-09
1.29e-09
1.4300000000000002e-09
1.65e-09
1.71e-09
1.3300000000000002e-09
1.4199999999999999e-09
1.6399999999999997e-09
1.8e-09
1.4199999999999999e-09
1.51e-09
1.7199999999999999e-09
1.62e-09
8.71e-10
1.36e-09
1.56e-09
1.6699999999999998e-09
9.78e-10
1.4400000000000002e-09
1.57e-09
1.6300000000000002e-09
9.589999999999999e-10
1.3800000000000002e-09
1.59e-09
1.85e-09
1.0499999999999999e-09
1.55e-09
1.7800000000000003e-09
1.6399999999999997e-09
9.589999999999999e-10
1.4000000000000001e-09
1.57e-09
1.58e-09
8.8e-10
1.31e-09
1.5299999999999999e-09
1.57e-09
9.550000000000001e-10
1.35e-09
1.52e-09
1.3800000000000002e-09
8.52e-10
1.14e-09
1.3400000000000001e-09
1.3400000000000001e-09
8.01e-10
1.09e-09
1.2800000000000001e-09
1.4199999999999999e-09
9.17e-10
1.18e-09
1.3900000000000002e-09
1.56e-09
1.09e-09
1.35e-09
1.49e-09
1.62e-09
1.06e-09
1.36e-09
1.56e-09
1.6800000000000002e-09
1.23e-09
1.4699999999999999e-09
1.6399999999999997e-09
1.75e-09
1.09e-09
1.4699999999999999e-09
1.6699999999999998e-09
1.7699999999999999e-09
1.14e-09
1.4199999999999999e-09
1.6899999999999997e-09
1.6899999999999997e-09
1.25e-09
1.4300000000000002e-09
1.6399999999999997e-09
1.8100000000000002e-09
1.31e-09
1.52e-09
1.7399999999999998e-09
1.7800000000000003e-09
1.35e-09
1.5299999999999999e-09
1.7199999999999999e-09
1.92e-09
1.57e-09
1.62e-09
1.85e-09
1.8e-09
1.54e-09
1.56e-09
1.7300000000000002e-09
1.8299999999999999e-09
1.26e-09
1.51e-09
1.7699999999999999e-09
1.79e-09
1.11e-09
1.56e-09
1.75e-09
1.7300000000000002e-09
1e-09
1.49e-09
1.6699999999999998e-09
1.6699999999999998e-09
9.22e-10
1.4000000000000001e-09
1.61e-09
1.79e-09
1.0400000000000001e-09
1.5e-09
1.7199999999999999e-09
1.7000000000000001e-09
1.01e-09
1.4199999999999999e-09
1.6e-09
1.7000000000000001e-09
9.550000000000001e-10
1.4199999999999999e-09
1.6300000000000002e-09
1.6399999999999997e-09
9.31e-10
1.4199999999999999e-09
1.58e-09
1.56e-09
8.989999999999999e-10
1.2800000000000001e-09
1.4800000000000003e-09
1.23e-09
7.359999999999999e-10
1.0300000000000002e-09
1.1699999999999999e-09
1.13e-09
7.08e-10
9.130000000000001e-10
1.09e-09
1.4099999999999999e-09
9.17e-10
1.15e-09
1.36e-09
1.7000000000000001e-09
1.0400000000000001e-09
1.4199999999999999e-09
1.6399999999999997e-09
1.51e-09
1.01e-09
1.27e-09
1.49e-09
1.7699999999999999e-09
1.2800000000000001e-09
1.5299999999999999e-09
1.71e-09
1.8e-09
1.3400000000000001e-09
1.52e-09
1.7300000000000002e-09
1.7600000000000001e-09
1.27e-09
1.5299999999999999e-09
1.6699999999999998e-09
1.7300000000000002e-09
1.36e-09
1.52e-09
1.6800000000000002e-09
1.7800000000000003e-09
1.36e-09
1.55e-09
1.7399999999999998e-09
1.8299999999999999e-09
1.6800000000000002e-09
1.55e-09
1.7800000000000003e-09
1.75e-09
1.7600000000000001e-09
1.49e-09
1.7000000000000001e-09
1.9600000000000003e-09
1.31e-09
1.6800000000000002e-09
1.9100000000000002e-09
1.71e-09
1.09e-09
1.49e-09
1.65e-09
1.71e-09
1.06e-09
1.51e-09
1.66e-09
1.71e-09
1.0400000000000001e-09
1.45e-09
1.6399999999999997e-09
1.9e-09
1.18e-09
1.62e-09
1.8299999999999999e-09
1.7800000000000003e-09
1.07e-09
1.5e-09
1.7000000000000001e-09
1.7300000000000002e-09
9.83e-10
1.3800000000000002e-09
1.6800000000000002e-09
1.6300000000000002e-09
1.02e-09
1.4199999999999999e-09
1.59e-09
1.52e-09
8.849999999999999e-10
1.3e-09
1.46e-09
1.31e-09
7.359999999999999e-10
1.09e-09
1.24e-09
1.3e-09
8.06e-10
1.09e-09
1.24e-09
1.5e-09
9.83e-10
1.21e-09
1.4300000000000002e-09
1.6300000000000002e-09
1.16e-09
1.4099999999999999e-09
1.58e-09
1.7600000000000001e-09
1.21e-09
1.5e-09
1.6899999999999997e-09
1.8299999999999999e-09
1.27e-09
1.49e-09
1.75e-09
2.0100000000000003e-09
1.6e-09
1.7600000000000001e-09
1.95e-09
2.0100000000000003e-09
1.62e-09
1.7399999999999998e-09
1.95e-09
1.88e-09
1.56e-09
1.58e-09
1.8100000000000002e-09
1.92e-09
1.58e-09
1.59e-09
1.85e-09
1.9100000000000002e-09
1.9100000000000002e-09
1.6e-09
1.8100000000000002e-09
1.8299999999999999e-09
1.9e-09
1.55e-09
1.7800000000000003e-09
1.6800000000000002e-09
1.15e-09
1.4400000000000002e-09
1.61e-09
1.82e-09
1.07e-09
1.58e-09
1.7600000000000001e-09
1.7600000000000001e-09
1.06e-09
1.45e-09
1.7000000000000001e-09
1.79e-09
1.0400000000000001e-09
1.4800000000000003e-09
1.7000000000000001e-09
1.7000000000000001e-09
1.02e-09
1.4400000000000002e-09
1.6399999999999997e-09
1.61e-09
9.17e-10
1.3400000000000001e-09
1.54e-09
1.7600000000000001e-09
9.73e-10
1.49e-09
1.7000000000000001e-09
1.6699999999999998e-09
1e-09
1.4400000000000002e-09
1.6e-09
1.57e-09
8.8e-10
1.32e-09
1.49e-09
1.4099999999999999e-09
8.569999999999999e-10
1.2e-09
1.35e-09
1.49e-09
8.89e-10
1.25e-09
1.4199999999999999e-09
1.52e-09
9.589999999999999e-10
1.36e-09
1.4800000000000003e-09
1.7699999999999999e-09
1.2e-09
1.55e-09
1.7399999999999998e-09
1.87e-09
1.29e-09
1.58e-09
1.82e-09
1.7800000000000003e-09
1.29e-09
1.52e-09
1.7000000000000001e-09
1.94e-09
1.59e-09
1.66e-09
1.89e-09
1.92e-09
1.7000000000000001e-09
1.65e-09
1.8600000000000002e-09
1.9100000000000002e-09
1.88e-09
1.57e-09
1.82e-09
1.8100000000000002e-09
1.8600000000000002e-09
1.5e-09
1.75e-09
1.7600000000000001e-09
1.7399999999999998e-09
1.46e-09
1.7199999999999999e-09
1.6399999999999997e-09
2.7100000000000004e-09
1.32e-09
1.55e-09
1.82e-09
1.3900000000000002e-09
1.57e-09
1.79e-09
1.8100000000000002e-09
1.1699999999999999e-09
1.58e-09
1.75e-09
1.7399999999999998e-09
1.1e-09
1.52e-09
1.6800000000000002e-09
1.61e-09
9.589999999999999e-10
1.3800000000000002e-09
1.56e-09
1.8299999999999999e-09
1.0800000000000002e-09
1.56e-09
1.79e-09
1.6899999999999997e-09
9.78e-10
1.4800000000000003e-09
1.65e-09
1.6899999999999997e-09
1.0300000000000002e-09
1.4199999999999999e-09
1.6300000000000002e-09
1.61e-09
9.36e-10
1.3900000000000002e-09
1.55e-09
1.4800000000000003e-09
8.8e-10
1.25e-09
1.4099999999999999e-09
1.45e-09
8.66e-10
1.2800000000000001e-09
1.3800000000000002e-09
1.4300000000000002e-09
9.130000000000001e-10
1.2e-09
1.3900000000000002e-09
1.46e-09
1.02e-09
1.23e-09
1.4000000000000001e-09
1.6899999999999997e-09
1.1699999999999999e-09
1.4099999999999999e-09
1.6300000000000002e-09
1.8299999999999999e-09
1.25e-09
1.56e-09
1.7600000000000001e-09
1.66e-09
1.23e-09
1.4300000000000002e-09
1.61e-09
1.8e-09
1.56e-09
1.56e-09
1.7300000000000002e-09
1.7399999999999998e-09
1.62e-09
1.4400000000000002e-09
1.6899999999999997e-09
1.6899999999999997e-09
2.0999999999999998e-09
1.4099999999999999e-09
1.59e-09
1.84e-09
2.35e-09
1.57e-09
1.7600000000000001e-09
1.7199999999999999e-09
2.49e-09
1.4800000000000003e-09
1.66e-09
1.61e-09
3.71e-09
1.32e-09
1.56e-09
1.54e-09
1.29e-09
1.3400000000000001e-09
1.4699999999999999e-09
1.5e-09
9.589999999999999e-10
1.24e-09
1.4400000000000002e-09
1.59e-09
9.41e-10
1.4000000000000001e-09
1.55e-09
1.57e-09
9.97e-10
1.3699999999999998e-09
1.51e-09
1.58e-09
1e-09
1.36e-09
1.54e-09
1.65e-09
9.22e-10
1.3800000000000002e-09
1.57e-09
1.61e-09
9.73e-10
1.4199999999999999e-09
1.56e-09
1.7000000000000001e-09
9.83e-10
1.4800000000000003e-09
1.65e-09
1.58e-09
9.919999999999999e-10
1.4000000000000001e-09
1.54e-09
1.25e-09
6.469999999999999e-10
1.02e-09
1.2e-09
1.35e-09
9.31e-10
1.15e-09
1.29e-09
1.55e-09
1.13e-09
1.3699999999999998e-09
1.49e-09
1.6300000000000002e-09
1.1699999999999999e-09
1.32e-09
1.56e-09
1.7199999999999999e-09
1.29e-09
1.4300000000000002e-09
1.6300000000000002e-09
1.92e-09
1.4300000000000002e-09
1.6300000000000002e-09
1.84e-09
1.94e-09
1.65e-09
1.59e-09
1.8600000000000002e-09
1.7000000000000001e-09
1.8299999999999999e-09
1.4400000000000002e-09
1.6399999999999997e-09
1.7300000000000002e-09
2.39e-09
1.51e-09
1.6800000000000002e-09
1.57e-09
3.32e-09
1.31e-09
1.5e-09
1.52e-09
3.6599999999999998e-09
1.31e-09
1.4800000000000003e-09
1.29e-09
5.14e-09
1.11e-09
1.25e-09
1.31e-09
1.95e-09
1.09e-09
1.24e-09
1.18e-09
1.26e-09
1e-09
1.13e-09
1.45e-09
9.73e-10
1.19e-09
1.3900000000000002e-09
1.5e-09
1.01e-09
1.3e-09
1.4699999999999999e-09
1.3800000000000002e-09
8.24e-10
1.14e-09
1.31e-09
1.51e-09
8.849999999999999e-10
1.3e-09
1.4400000000000002e-09
1.51e-09
9.5e-10
1.32e-09
1.49e-09
1.7000000000000001e-09
9.97e-10
1.46e-09
1.6399999999999997e-09
1.3699999999999998e-09
7.639999999999999e-10
1.1e-09
1.32e-09
1.52e-09
9.030000000000001e-10
1.26e-09
1.49e-09
1.4300000000000002e-09
1.02e-09
1.19e-09
1.3800000000000002e-09
1.57e-09
1.1699999999999999e-09
1.3400000000000001e-09
1.5e-09
1.59e-09
1.1699999999999999e-09
1.35e-09
1.54e-09
1.6800000000000002e-09
1.4800000000000003e-09
1.4099999999999999e-09
1.62e-09
1.7699999999999999e-09
1.62e-09
1.49e-09
1.7000000000000001e-09
1.7300000000000002e-09
1.8100000000000002e-09
1.4400000000000002e-09
1.6800000000000002e-09
1.6800000000000002e-09
1.85e-09
1.4400000000000002e-09
1.6300000000000002e-09
1.57e-09
2.48e-09
1.29e-09
1.52e-09
1.55e-09
3.71e-09
1.32e-09
1.5e-09
1.31e-09
6.990000000000001e-09
1.14e-09
1.26e-09
1.0499999999999999e-09
1.6e-08
9.22e-10
1.02e-09
9.589999999999999e-10
5.97e-09
8.38e-10
9.22e-10
9.27e-10
1.82e-09
7.870000000000001e-10
8.989999999999999e-10
1.07e-09
1.0300000000000002e-09
8.71e-10
1.0300000000000002e-09
1.31e-09
9.030000000000001e-10
1.13e-09
1.27e-09
1.45e-09
9.22e-10
1.25e-09
1.4099999999999999e-09
1.57e-09
9.31e-10
1.3400000000000001e-09
1.52e-09
1.54e-09
9.589999999999999e-10
1.31e-09
1.51e-09
1.3699999999999998e-09
7.45e-10
1.13e-09
1.32e-09
1.4400000000000002e-09
9.030000000000001e-10
1.24e-09
1.4199999999999999e-09
1.2800000000000001e-09
7.26e-10
1.07e-09
1.23e-09
1.4199999999999999e-09
1.02e-09
1.22e-09
1.36e-09
1.61e-09
1.09e-09
1.3400000000000001e-09
1.55e-09
1.55e-09
1.3300000000000002e-09
1.36e-09
1.5e-09
1.62e-09
1.36e-09
1.35e-09
1.56e-09
1.6699999999999998e-09
1.6800000000000002e-09
1.4000000000000001e-09
1.61e-09
1.61e-09
2.02e-09
1.3900000000000002e-09
1.56e-09
1.6899999999999997e-09
2.53e-09
1.4099999999999999e-09
1.6300000000000002e-09
1.61e-09
3.8e-09
1.4000000000000001e-09
1.56e-09
1.21e-09
5.04e-09
1.02e-09
1.1699999999999999e-09
1.0400000000000001e-09
1.6100000000000002e-08
8.66e-10
9.919999999999999e-10
8.200000000000001e-10
4.24e-08
6.940000000000001e-10
7.920000000000001e-10
7.729999999999999e-10
1.66e-08
6.569999999999999e-10
7.5e-10
8.24e-10
4.99e-09
7.31e-10
7.96e-10
8.06e-10
1.98e-09
7.08e-10
7.820000000000001e-10
9.78e-10
1.0800000000000002e-09
8.52e-10
9.45e-10
1.25e-09
8.609999999999999e-10
1.02e-09
1.19e-09
1.4699999999999999e-09
8.989999999999999e-10
1.24e-09
1.4199999999999999e-09
1.4699999999999999e-09
9.36e-10
1.22e-09
1.4099999999999999e-09
1.4199999999999999e-09
8.200000000000001e-10
1.22e-09
1.3900000000000002e-09
1.5e-09
8.939999999999999e-10
1.29e-09
1.45e-09
1.29e-09
7.54e-10
1.09e-09
1.24e-09
1.5e-09
1.1e-09
1.3e-09
1.4699999999999999e-09
1.46e-09
1.0800000000000002e-09
1.25e-09
1.4000000000000001e-09
1.6300000000000002e-09
1.26e-09
1.3800000000000002e-09
1.6e-09
1.79e-09
1.27e-09
1.56e-09
1.7199999999999999e-09
1.6399999999999997e-09
1.11e-09
1.3800000000000002e-09
1.57e-09
1.6399999999999997e-09
1.16e-09
1.4099999999999999e-09
1.55e-09
1.6699999999999998e-09
1.22e-09
1.4400000000000002e-09
1.6e-09
1.35e-09
1.0499999999999999e-09
1.13e-09
1.3e-09
1.0300000000000002e-09
2.04e-09
8.569999999999999e-10
9.919999999999999e-10
6.98e-10
5.749999999999999e-09
5.59e-10
6.610000000000001e-10
7.31e-10
1.67e-08
6.469999999999999e-10
7.08e-10
5.63e-10
6.590000000000001e-09
4.7e-10
5.49e-10
6.24e-10
1.7800000000000003e-09
5.08e-10
6.05e-10
5.91e-10
6.660000000000001e-10
5.170000000000001e-10
5.87e-10
7.399999999999999e-10
5.31e-10
6.38e-10
7.22e-10
1.0300000000000002e-09
6.1e-10
8.849999999999999e-10
1.02e-09
1.14e-09
7.12e-10
9.64e-10
1.09e-09
1.4000000000000001e-09
8.71e-10
1.24e-09
1.3699999999999998e-09
1.4699999999999999e-09
8.89e-10
1.25e-09
1.4199999999999999e-09
1.3900000000000002e-09
7.820000000000001e-10
1.15e-09
1.3300000000000002e-09
1.3300000000000002e-09
8.200000000000001e-10
1.1199999999999999e-09
1.27e-09
1.29e-09
8.1e-10
1.1199999999999999e-09
1.26e-09
1.4800000000000003e-09
1.02e-09
1.2800000000000001e-09
1.4300000000000002e-09
1.6300000000000002e-09
1.07e-09
1.3900000000000002e-09
1.58e-09
1.6399999999999997e-09
1.02e-09
1.36e-09
1.59e-09
1.65e-09
1e-09
1.3699999999999998e-09
1.61e-09
1.49e-09
9.030000000000001e-10
1.2e-09
1.4400000000000002e-09
1.19e-09
7.59e-10
9.73e-10
1.15e-09
9.69e-10
7.17e-10
8.150000000000001e-10
9.45e-10
8.75e-10
1.1e-09
7.22e-10
8.34e-10
7.08e-10
1.9e-09
5.91e-10
6.85e-10
5.03e-10
4.78e-09
4.24e-10
4.8e-10
5.12e-10
1.52e-09
4.42e-10
4.979999999999999e-10
5.77e-10
1.02e-09
4.94e-10
5.59e-10
6.189999999999999e-10
5.49e-10
5.12e-10
5.96e-10
6.1e-10
4.24e-10
5.45e-10
5.96e-10
7.96e-10
4.66e-10
7.030000000000001e-10
7.820000000000001e-10
9.550000000000001e-10
4.94e-10
7.59e-10
9.130000000000001e-10
1.15e-09
6.610000000000001e-10
9.919999999999999e-10
1.1199999999999999e-09
1.4000000000000001e-09
8.43e-10
1.19e-09
1.35e-09
1.3900000000000002e-09
8.150000000000001e-10
1.16e-09
1.3400000000000001e-09
1.2e-09
7.22e-10
1e-09
1.14e-09
1.25e-09
7.679999999999999e-10
1.09e-09
1.21e-09
1.31e-09
7.729999999999999e-10
1.09e-09
1.29e-09
1.56e-09
8.66e-10
1.32e-09
1.52e-09
1.49e-09
8.43e-10
1.21e-09
1.4099999999999999e-09
1.4099999999999999e-09
9.41e-10
1.22e-09
1.3800000000000002e-09
1.29e-09
7.45e-10
1.06e-09
1.23e-09
1.02e-09
6.05e-10
8.569999999999999e-10
9.83e-10
6.940000000000001e-10
5.08e-10
6.38e-10
6.75e-10
5.31e-10
4.979999999999999e-10
4.4699999999999996e-10
5.08e-10
6.01e-10
7.639999999999999e-10
5.31e-10
5.820000000000001e-10
4.61e-10
1.6300000000000002e-09
4.05e-10
4.52e-10
4.52e-10
6.43e-10
3.54e-10
4.42e-10
4.89e-10
4.75e-10
4e-10
4.5600000000000003e-10
6.33e-10
4.5600000000000003e-10
5.31e-10
6.189999999999999e-10
6.8e-10
4.14e-10
5.87e-10
6.519999999999999e-10
7.08e-10
4.52e-10
5.96e-10
6.75e-10
8.989999999999999e-10
5.4e-10
7.26e-10
8.569999999999999e-10
1.13e-09
6.569999999999999e-10
9.41e-10
1.1e-09
1.22e-09
6.98e-10
1.02e-09
1.18e-09
1.3900000000000002e-09
8.48e-10
1.23e-09
1.35e-09
1.29e-09
7.54e-10
1.09e-09
1.25e-09
1.0499999999999999e-09
7.08e-10
9.080000000000001e-10
1.0300000000000002e-09
1.2800000000000001e-09
7.359999999999999e-10
1.0400000000000001e-09
1.23e-09
1.61e-09
9.550000000000001e-10
1.36e-09
1.55e-09
1.3e-09
6.8e-10
1.0400000000000001e-09
1.23e-09
1.3800000000000002e-09
8.34e-10
1.18e-09
1.3300000000000002e-09
9.83e-10
5.08e-10
8.1e-10
9.5e-10
6.8e-10
4.1000000000000003e-10
5.87e-10
6.610000000000001e-10
6.89e-10
4.24e-10
6.1e-10
6.75e-10
5.08e-10
3.49e-10
4.19e-10
4.94e-10
6.01e-10
4.8e-10
5.220000000000001e-10
5.820000000000001e-10
5.26e-10
7.5e-10
4.5600000000000003e-10
5.08e-10
5.77e-10
4.33e-10
5.26e-10
5.73e-10
6.149999999999999e-10
3.9600000000000003e-10
5.31e-10
5.96e-10
6.24e-10
4.1000000000000003e-10
5.36e-10
5.91e-10
7.22e-10
3.77e-10
5.91e-10
6.8e-10
8.75e-10
5.36e-10
7.359999999999999e-10
8.48e-10
1.0800000000000002e-09
6.710000000000001e-10
9.130000000000001e-10
1.02e-09
1.3400000000000001e-09
7.399999999999999e-10
1.09e-09
1.2800000000000001e-09
1.19e-09
6.940000000000001e-10
9.97e-10
1.15e-09
1.4000000000000001e-09
7.920000000000001e-10
1.19e-09
1.3699999999999998e-09
1.23e-09
6.8e-10
1.06e-09
1.2e-09
1.25e-09
7.22e-10
1.0400000000000001e-09
1.2e-09
1.22e-09
6.89e-10
1e-09
1.15e-09
1.32e-09
8.29e-10
1.09e-09
1.29e-09
1.29e-09
6.89e-10
1.07e-09
1.23e-09
9.45e-10
5.03e-10
7.820000000000001e-10
9.030000000000001e-10
6.940000000000001e-10
3.87e-10
5.91e-10
6.710000000000001e-10
6.33e-10
3.6799999999999997e-10
5.31e-10
5.96e-10
6.189999999999999e-10
3.73e-10
5.31e-10
6.05e-10
6.1e-10
3.6799999999999997e-10
5.26e-10
5.96e-10
4.5600000000000003e-10
2.79e-10
3.77e-10
4.4699999999999996e-10
6.01e-10
5.26e-10
5.220000000000001e-10
5.87e-10
6.01e-10
4e-10
4.8e-10
5.820000000000001e-10
7.399999999999999e-10
4.4699999999999996e-10
6.24e-10
7.12e-10
8.75e-10
5.96e-10
7.870000000000001e-10
8.569999999999999e-10
1.14e-09
6.43e-10
9.64e-10
1.1e-09
1.2e-09
6.85e-10
9.550000000000001e-10
1.13e-09
1.19e-09
6.75e-10
9.87e-10
1.1199999999999999e-09
1.4099999999999999e-09
8.01e-10
1.15e-09
1.35e-09
1.6300000000000002e-09
9.550000000000001e-10
1.3800000000000002e-09
1.56e-09
1.5299999999999999e-09
9.080000000000001e-10
1.31e-09
1.45e-09
1.32e-09
8.569999999999999e-10
1.14e-09
1.29e-09
1.0800000000000002e-09
6.24e-10
9.27e-10
1.0499999999999999e-09
1.22e-09
6.149999999999999e-10
9.83e-10
1.18e-09
1.1199999999999999e-09
7.359999999999999e-10
9.97e-10
1.1e-09
8.569999999999999e-10
5.12e-10
7.17e-10
8.24e-10
7.359999999999999e-10
4.24e-10
6.24e-10
7.17e-10
6.940000000000001e-10
4.8e-10
6.33e-10
6.85e-10
7.030000000000001e-10
3.9100000000000005e-10
5.87e-10
6.710000000000001e-10
6.189999999999999e-10
3.8199999999999997e-10
5.45e-10
6.1e-10
6.189999999999999e-10
3.2599999999999996e-10
5.12e-10
6.05e-10
7.030000000000001e-10
4.24e-10
5.820000000000001e-10
6.940000000000001e-10
7.59e-10
4.75e-10
6.469999999999999e-10
7.22e-10
1.0400000000000001e-09
5.49e-10
8.609999999999999e-10
1.02e-09
1.1e-09
6.05e-10
9.030000000000001e-10
1.0300000000000002e-09
1.2e-09
6.85e-10
9.97e-10
1.15e-09
1.3400000000000001e-09
8.150000000000001e-10
1.1199999999999999e-09
1.2800000000000001e-09
1.31e-09
8.200000000000001e-10
1.09e-09
1.27e-09
1.27e-09
7.31e-10
1.0800000000000002e-09
1.22e-09
1.4400000000000002e-09
8.8e-10
1.2800000000000001e-09
1.4199999999999999e-09
1.25e-09
7.31e-10
1.06e-09
1.22e-09
1.51e-09
8.150000000000001e-10
1.3e-09
1.4699999999999999e-09
1.23e-09
6.98e-10
1.02e-09
1.2e-09
9.919999999999999e-10
5.68e-10
8.38e-10
9.41e-10
1.24e-09
7.5e-10
1.02e-09
1.21e-09
9.080000000000001e-10
5.12e-10
7.359999999999999e-10
8.75e-10
7.870000000000001e-10
4.66e-10
6.43e-10
7.54e-10
7.639999999999999e-10
4.14e-10
6.189999999999999e-10
7.31e-10
6.29e-10
3.87e-10
5.4e-10
6.189999999999999e-10
6.98e-10
4.1000000000000003e-10
5.59e-10
6.660000000000001e-10
8.989999999999999e-10
5.68e-10
7.820000000000001e-10
8.8e-10
8.38e-10
4.89e-10
7.26e-10
8.150000000000001e-10
9.31e-10
5.36e-10
7.920000000000001e-10
8.939999999999999e-10
9.73e-10
6.01e-10
8.150000000000001e-10
9.550000000000001e-10
1.29e-09
7.639999999999999e-10
1.11e-09
1.25e-09
1.3699999999999998e-09
7.820000000000001e-10
1.19e-09
1.32e-09
1.21e-09
6.610000000000001e-10
9.87e-10
1.14e-09
1.3699999999999998e-09
7.5e-10
1.1e-09
1.31e-09
1.4000000000000001e-09
7.96e-10
1.1699999999999999e-09
1.35e-09
1.4699999999999999e-09
8.52e-10
1.25e-09
1.4300000000000002e-09
1.5e-09
8.71e-10
1.27e-09
1.4699999999999999e-09
1.3400000000000001e-09
7.359999999999999e-10
1.1199999999999999e-09
1.31e-09
1.31e-09
7.679999999999999e-10
1.09e-09
1.27e-09
1.32e-09
7.399999999999999e-10
1.13e-09
1.27e-09
9.69e-10
6.149999999999999e-10
8.34e-10
9.41e-10
9.78e-10
5.63e-10
8.200000000000001e-10
9.31e-10
8.43e-10
4.979999999999999e-10
7.31e-10
8.29e-10
8.569999999999999e-10
4.979999999999999e-10
6.98e-10
8.38e-10
8.71e-10
4.94e-10
7.359999999999999e-10
8.29e-10
9.17e-10
5.45e-10
7.639999999999999e-10
8.849999999999999e-10
9.589999999999999e-10
5.77e-10
8.24e-10
9.27e-10
1.11e-09
6.940000000000001e-10
9.64e-10
1.07e-09
1.2800000000000001e-09
6.940000000000001e-10
1.07e-09
1.22e-09
1.21e-09
7.359999999999999e-10
1.02e-09
1.16e-09
1.22e-09
7.5e-10
1.02e-09
1.18e-09
1.3800000000000002e-09
7.22e-10
1.11e-09
1.35e-09
1.4000000000000001e-09
8.1e-10
1.2e-09
1.36e-09
1.3400000000000001e-09
7.54e-10
1.11e-09
1.2800000000000001e-09
1.49e-09
8.52e-10
1.25e-09
1.4199999999999999e-09
1.4300000000000002e-09
8.43e-10
1.22e-09
1.36e-09
1.5e-09
9.030000000000001e-10
1.29e-09
1.46e-09
1.4699999999999999e-09
8.609999999999999e-10
1.25e-09
1.4199999999999999e-09
1.3900000000000002e-09
7.870000000000001e-10
1.19e-09
1.3300000000000002e-09
1.36e-09
8.24e-10
1.2e-09
1.3e-09
1.19e-09
7.22e-10
1.0300000000000002e-09
1.15e-09
1.0400000000000001e-09
5.73e-10
8.89e-10
1e-09
9.27e-10
5.59e-10
7.729999999999999e-10
8.989999999999999e-10
9.31e-10
5.91e-10
7.920000000000001e-10
9.130000000000001e-10
9.31e-10
5.820000000000001e-10
7.870000000000001e-10
8.989999999999999e-10
1.01e-09
5.77e-10
8.52e-10
9.69e-10
1.07e-09
6.189999999999999e-10
8.849999999999999e-10
1.02e-09
1.13e-09
6.519999999999999e-10
9.41e-10
1.09e-09
1.2e-09
7.45e-10
1.06e-09
1.16e-09
1.21e-09
7.030000000000001e-10
1.02e-09
1.1699999999999999e-09
1.26e-09
7.729999999999999e-10
1.0800000000000002e-09
1.21e-09
1.25e-09
6.98e-10
1.06e-09
1.22e-09
1.29e-09
8.200000000000001e-10
1.0800000000000002e-09
1.23e-09
1.26e-09
7.399999999999999e-10
1.06e-09
1.21e-09
1.35e-09
7.870000000000001e-10
1.16e-09
1.3e-09
1.3300000000000002e-09
7.54e-10
1.14e-09
1.29e-09
1.3900000000000002e-09
8.609999999999999e-10
1.2e-09
1.32e-09
1.55e-09
9.27e-10
1.2800000000000001e-09
1.4699999999999999e-09
1.22e-09
7.639999999999999e-10
1.01e-09
1.18e-09
1.4800000000000003e-09
8.34e-10
1.27e-09
1.4099999999999999e-09
1.11e-09
6.189999999999999e-10
9.17e-10
1.06e-09
1.15e-09
6.610000000000001e-10
9.5e-10
1.09e-09
7.96e-10
4.38e-10
6.660000000000001e-10
7.639999999999999e-10
9.45e-10
5.36e-10
8.06e-10
9.22e-10
9.97e-10
5.91e-10
8.29e-10
9.69e-10
1.0800000000000002e-09
6.05e-10
9.41e-10
1.0499999999999999e-09
1.02e-09
6.149999999999999e-10
8.569999999999999e-10
9.919999999999999e-10
1.0499999999999999e-09
5.68e-10
8.989999999999999e-10
1.02e-09
9.97e-10
5.45e-10
8.43e-10
9.64e-10
1.0300000000000002e-09
5.45e-10
8.24e-10
9.83e-10
1.0800000000000002e-09
6.8e-10
9.41e-10
1.06e-09
1.11e-09
6.75e-10
9.550000000000001e-10
1.06e-09
1.07e-09
6.43e-10
8.849999999999999e-10
1.01e-09
1.16e-09
7.22e-10
9.919999999999999e-10
1.13e-09
1.02e-09
6.710000000000001e-10
8.939999999999999e-10
9.87e-10
1.2e-09
6.710000000000001e-10
1.0300000000000002e-09
1.15e-09
1.24e-09
6.89e-10
1.0300000000000002e-09
1.18e-09
1.07e-09
5.77e-10
8.71e-10
1.0300000000000002e-09
1.25e-09
7.5e-10
1.0499999999999999e-09
1.21e-09
1.11e-09
6.98e-10
9.64e-10
1.0800000000000002e-09
1.14e-09
6.710000000000001e-10
9.83e-10
1.11e-09
1.09e-09
6.610000000000001e-10
9.589999999999999e-10
1.06e-09
1.1199999999999999e-09
6.710000000000001e-10
9.31e-10
1.09e-09
