1.0499999999999999e-09
2.7600000000000004e-09
9.080000000000001e-10
1e-09
1.07e-09
2.9100000000000005e-09
8.849999999999999e-10
1.0300000000000002e-09
1.2800000000000001e-09
3.21e-09
1.09e-09
1.23e-09
1.2e-09
3.02e-09
1.02e-09
1.14e-09
1.24e-09
3.2e-09
1.06e-09
1.21e-09
1.24e-09
3.14e-09
1.0800000000000002e-09
1.2e-09
1.31e-09
2.87e-09
1.14e-09
1.26e-09
1.2800000000000001e-09
3.6200000000000003e-09
1.06e-09
1.21e-09
1.27e-09
5.820000000000001e-09
1.0800000000000002e-09
1.22e-09
1.3800000000000002e-09
7.31e-09
1.15e-09
1.3400000000000001e-09
1.4699999999999999e-09
7.58e-09
1.26e-09
1.4199999999999999e-09
1.35e-09
7.33e-09
1.15e-09
1.29e-09
1.2800000000000001e-09
9.78e-10
1.06e-09
1.24e-09
1.3e-09
1.35e-09
1.09e-09
1.25e-09
1.2800000000000001e-09
1.02e-09
1.15e-09
1.25e-09
1.3400000000000001e-09
7.920000000000001e-10
1.1199999999999999e-09
1.27e-09
1.3300000000000002e-09
9.17e-10
1.1699999999999999e-09
1.29e-09
1.2e-09
6.98e-10
1.02e-09
1.16e-09
1.19e-09
6.8e-10
9.69e-10
1.16e-09
1.19e-09
6.98e-10
9.83e-10
1.1199999999999999e-09
9.589999999999999e-10
5.49e-10
8.06e-10
9.17e-10
1.1e-09
2.85e-09
9.550000000000001e-10
1.07e-09
1.21e-09
3.76e-09
1.02e-09
1.15e-09
1.31e-09
3.5200000000000003e-09
1.13e-09
1.2800000000000001e-09
1.4300000000000002e-09
3.6200000000000003e-09
1.22e-09
1.3900000000000002e-09
1.51e-09
4.04e-09
1.3e-09
1.45e-09
1.4099999999999999e-09
3.9200000000000005e-09
1.22e-09
1.3699999999999998e-09
1.4300000000000002e-09
3.6700000000000004e-09
1.25e-09
1.4000000000000001e-09
1.45e-09
5.1e-09
1.26e-09
1.3800000000000002e-09
1.36e-09
3.87e-09
1.2e-09
1.31e-09
1.52e-09
9.05e-09
1.3300000000000002e-09
1.49e-09
1.54e-09
9.28e-09
1.32e-09
1.5e-09
1.59e-09
8.8e-09
1.3300000000000002e-09
1.55e-09
1.54e-09
1.23e-09
1.32e-09
1.49e-09
1.4699999999999999e-09
1.18e-09
1.25e-09
1.4199999999999999e-09
1.36e-09
8.38e-10
1.15e-09
1.29e-09
1.4099999999999999e-09
7.679999999999999e-10
1.16e-09
1.36e-09
1.59e-09
9.22e-10
1.3e-09
1.5299999999999999e-09
1.3800000000000002e-09
8.200000000000001e-10
1.1699999999999999e-09
1.32e-09
1.24e-09
8.150000000000001e-10
1.09e-09
1.21e-09
1.3300000000000002e-09
8.52e-10
1.16e-09
1.29e-09
9.27e-10
5.96e-10
7.5e-10
8.939999999999999e-10
1.22e-09
2.85e-09
1.02e-09
1.15e-09
1.45e-09
3.64e-09
1.18e-09
1.4000000000000001e-09
1.55e-09
4.6e-09
1.35e-09
1.49e-09
1.4699999999999999e-09
4.27e-09
1.25e-09
1.4199999999999999e-09
1.3900000000000002e-09
4.4799999999999994e-09
1.21e-09
1.3400000000000001e-09
1.7399999999999998e-09
4.91e-09
1.49e-09
1.7000000000000001e-09
1.56e-09
4.92e-09
1.3699999999999998e-09
1.52e-09
1.55e-09
4.31e-09
1.3300000000000002e-09
1.51e-09
1.56e-09
4.94e-09
1.29e-09
1.5e-09
1.6899999999999997e-09
1.09e-08
1.4199999999999999e-09
1.6399999999999997e-09
1.59e-09
1.1200000000000001e-08
1.3800000000000002e-09
1.5299999999999999e-09
1.7699999999999999e-09
1.1200000000000001e-08
1.49e-09
1.71e-09
1.6699999999999998e-09
1.55e-09
1.4199999999999999e-09
1.6e-09
1.58e-09
1.15e-09
1.32e-09
1.52e-09
1.7600000000000001e-09
1.1699999999999999e-09
1.56e-09
1.71e-09
1.6300000000000002e-09
9.31e-10
1.4099999999999999e-09
1.61e-09
1.49e-09
9.27e-10
1.21e-09
1.4199999999999999e-09
1.51e-09
1.01e-09
1.3400000000000001e-09
1.45e-09
1.45e-09
9.73e-10
1.24e-09
1.4199999999999999e-09
1.31e-09
7.5e-10
1.06e-09
1.25e-09
1.36e-09
8.989999999999999e-10
1.14e-09
1.31e-09
1.24e-09
3.18e-09
1.0400000000000001e-09
1.1699999999999999e-09
1.46e-09
3.829999999999999e-09
1.25e-09
1.4199999999999999e-09
1.6e-09
4.33e-09
1.3900000000000002e-09
1.56e-09
1.62e-09
5.920000000000001e-09
1.36e-09
1.54e-09
1.7199999999999999e-09
5.560000000000001e-09
1.4400000000000002e-09
1.6699999999999998e-09
1.7600000000000001e-09
5.889999999999999e-09
1.54e-09
1.71e-09
1.85e-09
6.26e-09
1.56e-09
1.7800000000000003e-09
1.6699999999999998e-09
5.379999999999999e-09
1.4099999999999999e-09
1.6e-09
1.8600000000000002e-09
7e-09
1.61e-09
1.8100000000000002e-09
1.59e-09
1.4099999999999999e-08
1.3800000000000002e-09
1.54e-09
1.85e-09
1.4499999999999999e-08
1.49e-09
1.7600000000000001e-09
1.51e-09
3.45e-09
1.32e-09
1.4699999999999999e-09
1.7000000000000001e-09
2.0800000000000003e-09
1.4199999999999999e-09
1.6300000000000002e-09
1.66e-09
1.15e-09
1.3699999999999998e-09
1.59e-09
1.62e-09
1.01e-09
1.3800000000000002e-09
1.57e-09
1.49e-09
8.939999999999999e-10
1.27e-09
1.4400000000000002e-09
1.56e-09
1.07e-09
1.3699999999999998e-09
1.54e-09
1.57e-09
1.02e-09
1.3300000000000002e-09
1.51e-09
1.4000000000000001e-09
9.030000000000001e-10
1.19e-09
1.36e-09
1.3e-09
8.1e-10
1.1199999999999999e-09
1.27e-09
1.22e-09
7.54e-10
1.02e-09
1.16e-09
1.27e-09
3.3899999999999997e-09
1.11e-09
1.23e-09
1.56e-09
3.91e-09
1.3300000000000002e-09
1.51e-09
1.58e-09
4.96e-09
1.31e-09
1.52e-09
1.4300000000000002e-09
5.589999999999999e-09
1.26e-09
1.4099999999999999e-09
1.57e-09
7.27e-09
1.32e-09
1.5299999999999999e-09
1.7199999999999999e-09
7.21e-09
1.4400000000000002e-09
1.6399999999999997e-09
1.7699999999999999e-09
7.72e-09
1.4800000000000003e-09
1.71e-09
1.6300000000000002e-09
7.79e-09
1.4000000000000001e-09
1.6e-09
1.71e-09
1.07e-08
1.46e-09
1.6300000000000002e-09
1.7000000000000001e-09
1.86e-08
1.45e-09
1.66e-09
1.6800000000000002e-09
1.97e-08
1.3800000000000002e-09
1.62e-09
1.58e-09
3.19e-09
1.32e-09
1.5299999999999999e-09
1.61e-09
1.6399999999999997e-09
1.3699999999999998e-09
1.55e-09
1.7000000000000001e-09
1.1e-09
1.46e-09
1.6300000000000002e-09
1.7199999999999999e-09
1.06e-09
1.4800000000000003e-09
1.6800000000000002e-09
1.7399999999999998e-09
1.1699999999999999e-09
1.5e-09
1.7000000000000001e-09
1.8600000000000002e-09
1.3e-09
1.58e-09
1.7800000000000003e-09
1.6300000000000002e-09
1.09e-09
1.36e-09
1.57e-09
1.51e-09
1.0400000000000001e-09
1.3e-09
1.46e-09
1.32e-09
8.52e-10
1.14e-09
1.29e-09
1.4099999999999999e-09
8.24e-10
1.1699999999999999e-09
1.3400000000000001e-09
1.2800000000000001e-09
3.3e-09
1.09e-09
1.24e-09
1.4300000000000002e-09
3.9200000000000005e-09
1.21e-09
1.3900000000000002e-09
1.4199999999999999e-09
4.56e-09
1.21e-09
1.36e-09
1.56e-09
6.0199999999999995e-09
1.3400000000000001e-09
1.54e-09
1.6300000000000002e-09
7.31e-09
1.46e-09
1.59e-09
1.6399999999999997e-09
1.03e-08
1.3800000000000002e-09
1.61e-09
1.6699999999999998e-09
1.01e-08
1.4400000000000002e-09
1.6399999999999997e-09
1.6899999999999997e-09
1.1299999999999999e-08
1.4300000000000002e-09
1.6300000000000002e-09
1.62e-09
9.109999999999999e-09
1.4400000000000002e-09
1.56e-09
1.6699999999999998e-09
2.0499999999999998e-08
1.3800000000000002e-09
1.59e-09
1.5299999999999999e-09
2.74e-08
1.29e-09
1.46e-09
1.6899999999999997e-09
1.9699999999999996e-09
1.4099999999999999e-09
1.61e-09
1.7600000000000001e-09
1.8600000000000002e-09
1.54e-09
1.7000000000000001e-09
1.59e-09
9.17e-10
1.36e-09
1.52e-09
1.6800000000000002e-09
1.22e-09
1.49e-09
1.62e-09
1.6899999999999997e-09
1.2e-09
1.4199999999999999e-09
1.6300000000000002e-09
1.71e-09
1.23e-09
1.49e-09
1.65e-09
1.6e-09
1.0400000000000001e-09
1.36e-09
1.5299999999999999e-09
1.45e-09
9.64e-10
1.24e-09
1.4099999999999999e-09
1.4000000000000001e-09
9.97e-10
1.21e-09
1.36e-09
1.27e-09
8.609999999999999e-10
1.1e-09
1.23e-09
1.3699999999999998e-09
2.97e-09
1.18e-09
1.3400000000000001e-09
1.5e-09
3.85e-09
1.24e-09
1.4199999999999999e-09
1.4199999999999999e-09
4.72e-09
1.22e-09
1.36e-09
1.7000000000000001e-09
6.33e-09
1.3800000000000002e-09
1.6300000000000002e-09
1.7199999999999999e-09
8.11e-09
1.45e-09
1.6399999999999997e-09
1.7399999999999998e-09
9.99e-09
1.4699999999999999e-09
1.7000000000000001e-09
1.71e-09
1.53e-08
1.4699999999999999e-09
1.66e-09
1.7000000000000001e-09
1.56e-08
1.4400000000000002e-09
1.6300000000000002e-09
1.6399999999999997e-09
1.56e-08
1.4400000000000002e-09
1.57e-09
1.7300000000000002e-09
1.6e-08
1.4199999999999999e-09
1.6800000000000002e-09
1.75e-09
4.07e-08
1.49e-09
1.6699999999999998e-09
1.6699999999999998e-09
2.7399999999999996e-09
1.4099999999999999e-09
1.6300000000000002e-09
1.6800000000000002e-09
1.19e-09
1.4300000000000002e-09
1.6300000000000002e-09
1.6399999999999997e-09
1.0499999999999999e-09
1.3699999999999998e-09
1.61e-09
1.54e-09
1.3900000000000002e-09
1.29e-09
1.4699999999999999e-09
1.56e-09
1.11e-09
1.3300000000000002e-09
1.51e-09
1.52e-09
1e-09
1.24e-09
1.4800000000000003e-09
1.56e-09
1.01e-09
1.3400000000000001e-09
1.51e-09
1.61e-09
1.19e-09
1.46e-09
1.57e-09
1.3900000000000002e-09
9.27e-10
1.19e-09
1.3400000000000001e-09
1.24e-09
7.920000000000001e-10
1.0499999999999999e-09
1.2e-09
1.23e-09
3.78e-09
1.0300000000000002e-09
1.16e-09
1.4800000000000003e-09
5.03e-09
1.2800000000000001e-09
1.4199999999999999e-09
1.4400000000000002e-09
4.63e-09
1.24e-09
1.4099999999999999e-09
1.6699999999999998e-09
5.420000000000001e-09
1.4400000000000002e-09
1.61e-09
1.7699999999999999e-09
8.11e-09
1.46e-09
1.6899999999999997e-09
1.79e-09
1.1000000000000001e-08
1.4699999999999999e-09
1.7000000000000001e-09
1.7600000000000001e-09
1.6e-08
1.52e-09
1.6800000000000002e-09
1.7800000000000003e-09
2.5099999999999996e-08
1.46e-09
1.7000000000000001e-09
1.6e-09
2.62e-08
1.3400000000000001e-09
1.56e-09
1.4800000000000003e-09
3.47e-08
1.24e-09
1.4300000000000002e-09
1.55e-09
6.66e-08
1.32e-09
1.5e-09
1.4400000000000002e-09
3.42e-09
1.19e-09
1.3900000000000002e-09
1.51e-09
2.02e-09
1.29e-09
1.4699999999999999e-09
1.49e-09
1.51e-09
1.24e-09
1.46e-09
1.58e-09
1.0800000000000002e-09
1.3400000000000001e-09
1.5299999999999999e-09
1.4000000000000001e-09
1.02e-09
1.23e-09
1.3699999999999998e-09
1.6300000000000002e-09
1.18e-09
1.3e-09
1.56e-09
1.3800000000000002e-09
1.01e-09
1.15e-09
1.31e-09
1.61e-09
1.0800000000000002e-09
1.3800000000000002e-09
1.56e-09
1.51e-09
9.73e-10
1.29e-09
1.4300000000000002e-09
1.23e-09
7.59e-10
1.02e-09
1.18e-09
1.3400000000000001e-09
6.16e-09
1.11e-09
1.2800000000000001e-09
1.46e-09
3.8900000000000004e-09
1.27e-09
1.4099999999999999e-09
1.4300000000000002e-09
5e-09
1.18e-09
1.3800000000000002e-09
1.8600000000000002e-09
7.170000000000001e-09
1.55e-09
1.7699999999999999e-09
1.51e-09
1.03e-08
1.29e-09
1.4699999999999999e-09
1.55e-09
9.220000000000001e-09
1.32e-09
1.4800000000000003e-09
1.6399999999999997e-09
1.59e-08
1.4199999999999999e-09
1.61e-09
1.6e-09
2.62e-08
1.3e-09
1.5299999999999999e-09
1.71e-09
5.1299999999999996e-08
1.49e-09
1.6399999999999997e-09
1.4099999999999999e-09
4.5e-08
1.23e-09
1.36e-09
1.24e-09
8.65e-08
1.02e-09
1.1699999999999999e-09
1.11e-09
1.62e-08
9.45e-10
1.06e-09
1.29e-09
6.629999999999999e-09
1.1e-09
1.26e-09
1.21e-09
1.89e-09
1.0300000000000002e-09
1.18e-09
1.6300000000000002e-09
1.22e-09
1.3800000000000002e-09
1.58e-09
1.51e-09
1.27e-09
1.2800000000000001e-09
1.46e-09
1.51e-09
1.23e-09
1.27e-09
1.4699999999999999e-09
1.7000000000000001e-09
1.0800000000000002e-09
1.4199999999999999e-09
1.65e-09
1.54e-09
9.64e-10
1.3e-09
1.4699999999999999e-09
1.29e-09
7.820000000000001e-10
1.13e-09
1.25e-09
1.18e-09
7.030000000000001e-10
9.550000000000001e-10
1.1199999999999999e-09
1.27e-09
7.290000000000001e-09
1.1e-09
1.23e-09
1.4199999999999999e-09
8.66e-09
1.2e-09
1.3800000000000002e-09
1.4699999999999999e-09
1.09e-08
1.21e-09
1.4300000000000002e-09
1.6e-09
1.42e-08
1.36e-09
1.5299999999999999e-09
1.58e-09
1.85e-08
1.36e-09
1.54e-09
1.5e-09
2.09e-08
1.27e-09
1.4199999999999999e-09
1.61e-09
1.63e-08
1.32e-09
1.56e-09
1.4300000000000002e-09
3.58e-08
1.21e-09
1.3699999999999998e-09
1.4000000000000001e-09
4.58e-08
1.19e-09
1.3300000000000002e-09
1.4000000000000001e-09
1.1800000000000001e-07
1.15e-09
1.3400000000000001e-09
1.21e-09
4.3e-07
1.02e-09
1.15e-09
8.71e-10
9.400000000000001e-08
7.54e-10
8.52e-10
8.48e-10
1.69e-08
7.26e-10
8.150000000000001e-10
1.02e-09
3.79e-09
8.8e-10
1e-09
1.13e-09
1.25e-09
1.01e-09
1.1199999999999999e-09
1.3400000000000001e-09
8.989999999999999e-10
1.1699999999999999e-09
1.2800000000000001e-09
1.49e-09
9.030000000000001e-10
1.29e-09
1.4400000000000002e-09
1.18e-09
7.17e-10
1.01e-09
1.14e-09
1.62e-09
8.89e-10
1.3699999999999998e-09
1.57e-09
1.4000000000000001e-09
8.38e-10
1.19e-09
1.36e-09
1.07e-09
6.610000000000001e-10
9.22e-10
1.02e-09
1.15e-09
7.390000000000001e-09
9.78e-10
1.11e-09
1.4000000000000001e-09
9.159999999999999e-09
1.1699999999999999e-09
1.36e-09
1.5e-09
1.14e-08
1.27e-09
1.45e-09
1.52e-09
1.47e-08
1.3300000000000002e-09
1.46e-09
1.62e-09
1.94e-08
1.36e-09
1.5299999999999999e-09
1.45e-09
2.6800000000000002e-08
1.22e-09
1.3800000000000002e-09
1.58e-09
3.98e-08
1.3400000000000001e-09
1.52e-09
1.36e-09
6.64e-08
1.1199999999999999e-09
1.31e-09
1.13e-09
8.730000000000001e-08
1.01e-09
1.1e-09
9.87e-10
4.3e-07
8.29e-10
9.589999999999999e-10
8.75e-10
2.15e-06
7.639999999999999e-10
8.43e-10
7.12e-10
4.46e-07
6.33e-10
6.940000000000001e-10
7.45e-10
8.949999999999999e-08
6.33e-10
7.12e-10
7.17e-10
2.06e-08
6.33e-10
7.08e-10
9.97e-10
5.550000000000001e-09
8.52e-10
9.589999999999999e-10
1.1699999999999999e-09
2.28e-09
1.01e-09
1.13e-09
1.3300000000000002e-09
1.3e-09
1.13e-09
1.29e-09
1.32e-09
9.22e-10
1.13e-09
1.29e-09
1.4699999999999999e-09
1.5e-09
1.25e-09
1.4099999999999999e-09
1.36e-09
1.29e-09
1.1699999999999999e-09
1.3400000000000001e-09
1.15e-09
1.15e-09
9.45e-10
1.11e-09
1.32e-09
7.52e-09
1.15e-09
1.27e-09
1.31e-09
8.53e-09
1.13e-09
1.2800000000000001e-09
1.4199999999999999e-09
1.09e-08
1.21e-09
1.36e-09
1.65e-09
3.4899999999999997e-09
1.4300000000000002e-09
1.59e-09
1.4199999999999999e-09
3.07e-09
1.1699999999999999e-09
1.3900000000000002e-09
1.31e-09
1.7000000000000001e-09
1.1199999999999999e-09
1.2800000000000001e-09
1.4400000000000002e-09
2.64e-09
1.22e-09
1.4000000000000001e-09
1.22e-09
3.5399999999999998e-09
1.02e-09
1.1699999999999999e-09
9.17e-10
1.59e-08
7.96e-10
8.71e-10
8.01e-10
9.460000000000001e-08
6.940000000000001e-10
7.920000000000001e-10
7.12e-10
4.45e-07
5.820000000000001e-10
6.89e-10
7.359999999999999e-10
1.23e-07
6.189999999999999e-10
7.31e-10
5.49e-10
1.63e-08
4.5600000000000003e-10
5.220000000000001e-10
5.96e-10
3.7200000000000004e-09
5.26e-10
5.73e-10
8.43e-10
8.569999999999999e-10
6.89e-10
8.150000000000001e-10
8.89e-10
6.149999999999999e-10
7.359999999999999e-10
8.609999999999999e-10
1.14e-09
6.29e-10
9.22e-10
1.11e-09
1.24e-09
7.59e-10
1.06e-09
1.19e-09
1.4199999999999999e-09
8.849999999999999e-10
1.23e-09
1.4000000000000001e-09
1.4000000000000001e-09
7.679999999999999e-10
1.14e-09
1.35e-09
1.2e-09
6.85e-10
1.01e-09
1.16e-09
1.24e-09
9.87e-10
1.0400000000000001e-09
1.19e-09
1.5e-09
1.23e-09
1.27e-09
1.4300000000000002e-09
1.4400000000000002e-09
1.5e-09
1.22e-09
1.4000000000000001e-09
1.3300000000000002e-09
1.8e-09
1.18e-09
1.29e-09
1.51e-09
1.52e-09
1.2800000000000001e-09
1.46e-09
1.4800000000000003e-09
1.7199999999999999e-09
1.2800000000000001e-09
1.4199999999999999e-09
1.15e-09
8.52e-10
9.64e-10
1.11e-09
9.130000000000001e-10
1.59e-09
7.639999999999999e-10
8.8e-10
7.08e-10
6.38e-09
5.87e-10
6.8e-10
6.519999999999999e-10
1.71e-08
5.26e-10
6.43e-10
4.4699999999999996e-10
8.849999999999999e-08
3.73e-10
4.38e-10
4.94e-10
1.65e-08
4.24e-10
4.8e-10
4e-10
9.41e-09
3.4500000000000005e-10
3.9100000000000005e-10
5.4e-10
1.55e-09
4.7e-10
5.220000000000001e-10
6.710000000000001e-10
5.36e-10
5.59e-10
6.469999999999999e-10
7.08e-10
4.8e-10
5.87e-10
6.75e-10
8.150000000000001e-10
5.170000000000001e-10
6.98e-10
7.870000000000001e-10
1.22e-09
7.359999999999999e-10
1.02e-09
1.15e-09
1.36e-09
8.150000000000001e-10
1.19e-09
1.32e-09
1.32e-09
7.22e-10
1.13e-09
1.2800000000000001e-09
1.15e-09
6.01e-10
9.550000000000001e-10
1.09e-09
1.2e-09
1.19e-09
1.02e-09
1.15e-09
1.3699999999999998e-09
1.16e-09
1.15e-09
1.29e-09
1.4199999999999999e-09
1.09e-09
1.19e-09
1.3900000000000002e-09
1.2800000000000001e-09
9.87e-10
1.09e-09
1.23e-09
1.21e-09
9.27e-10
1.0400000000000001e-09
1.1699999999999999e-09
1.14e-09
6.75e-10
9.41e-10
1.09e-09
9.73e-10
6.940000000000001e-10
8.34e-10
9.45e-10
8.200000000000001e-10
8.8e-10
6.8e-10
7.96e-10
6.98e-10
1.56e-09
5.820000000000001e-10
6.660000000000001e-10
6.01e-10
3.2600000000000003e-09
5.08e-10
5.73e-10
4.4699999999999996e-10
2.0499999999999998e-08
4.14e-10
4.2799999999999997e-10
4.94e-10
3.3500000000000002e-09
4.05e-10
4.75e-10
4.7e-10
1.31e-09
4e-10
4.61e-10
5.68e-10
1.24e-09
4.66e-10
5.539999999999999e-10
6.43e-10
5.170000000000001e-10
5.45e-10
6.149999999999999e-10
6.85e-10
4.19e-10
5.45e-10
6.519999999999999e-10
7.59e-10
4.4699999999999996e-10
6.610000000000001e-10
7.399999999999999e-10
1.02e-09
5.96e-10
8.66e-10
9.87e-10
1.21e-09
7.26e-10
1.02e-09
1.1699999999999999e-09
1.3e-09
7.679999999999999e-10
1.13e-09
1.25e-09
1.24e-09
6.43e-10
1.0400000000000001e-09
1.19e-09
1.11e-09
8.71e-10
9.64e-10
1.09e-09
1.21e-09
8.150000000000001e-10
1e-09
1.1699999999999999e-09
1.4199999999999999e-09
8.89e-10
1.19e-09
1.3900000000000002e-09
1.29e-09
7.359999999999999e-10
1.0800000000000002e-09
1.24e-09
1.18e-09
7.17e-10
1.0400000000000001e-09
1.14e-09
8.38e-10
5.12e-10
6.940000000000001e-10
8.150000000000001e-10
7.08e-10
4.19e-10
5.820000000000001e-10
6.8e-10
6.1e-10
4.75e-10
4.75e-10
5.87e-10
4.979999999999999e-10
5.63e-10
4.38e-10
4.979999999999999e-10
5.820000000000001e-10
7.54e-10
4.94e-10
5.45e-10
4.4699999999999996e-10
5.820000000000001e-09
3.9600000000000003e-10
4.2799999999999997e-10
4.84e-10
6.940000000000001e-10
4.05e-10
4.7e-10
5.08e-10
6.38e-10
4.33e-10
4.979999999999999e-10
6.569999999999999e-10
4.5600000000000003e-10
5.73e-10
6.33e-10
6.89e-10
4.61e-10
5.4e-10
6.710000000000001e-10
7.729999999999999e-10
4.61e-10
6.710000000000001e-10
7.45e-10
9.130000000000001e-10
5.31e-10
7.5e-10
8.569999999999999e-10
1.2e-09
7.31e-10
1.02e-09
1.15e-09
1.2800000000000001e-09
7.59e-10
1.0800000000000002e-09
1.24e-09
1.4000000000000001e-09
7.870000000000001e-10
1.2e-09
1.3400000000000001e-09
1.15e-09
6.610000000000001e-10
9.36e-10
1.09e-09
1.02e-09
5.77e-10
8.66e-10
9.83e-10
1.19e-09
7.26e-10
9.87e-10
1.15e-09
1.21e-09
7.08e-10
1.02e-09
1.19e-09
1.0499999999999999e-09
6.149999999999999e-10
8.8e-10
1e-09
9.41e-10
5.170000000000001e-10
7.729999999999999e-10
9.080000000000001e-10
7.639999999999999e-10
4.94e-10
6.660000000000001e-10
7.45e-10
6.660000000000001e-10
3.9600000000000003e-10
6.01e-10
6.519999999999999e-10
5.49e-10
3.21e-10
4.84e-10
5.31e-10
6.01e-10
4.42e-10
5.220000000000001e-10
5.91e-10
4.52e-10
2.93e-10
3.73e-10
4.33e-10
5.820000000000001e-10
1.87e-09
4.7e-10
5.59e-10
6.33e-10
4.84e-10
5.539999999999999e-10
6.189999999999999e-10
8.569999999999999e-10
4.94e-10
7.030000000000001e-10
8.200000000000001e-10
8.29e-10
5.49e-10
7.17e-10
8.01e-10
1.02e-09
5.820000000000001e-10
8.43e-10
9.73e-10
1.19e-09
7.08e-10
9.919999999999999e-10
1.13e-09
1.22e-09
7.31e-10
1.07e-09
1.18e-09
1.3e-09
7.31e-10
1.06e-09
1.25e-09
1.36e-09
7.779999999999999e-10
1.13e-09
1.3e-09
1.09e-09
6.24e-10
9.080000000000001e-10
1.0499999999999999e-09
1.24e-09
7.030000000000001e-10
1.0800000000000002e-09
1.22e-09
1.15e-09
6.940000000000001e-10
9.83e-10
1.11e-09
1.0800000000000002e-09
6.38e-10
9.22e-10
1.0400000000000001e-09
1.0499999999999999e-09
6.1e-10
8.66e-10
1.02e-09
8.71e-10
4.94e-10
7.399999999999999e-10
8.52e-10
6.710000000000001e-10
3.2599999999999996e-10
5.4e-10
6.24e-10
6.85e-10
4.19e-10
5.87e-10
6.610000000000001e-10
5.4e-10
3.03e-10
4.5600000000000003e-10
5.12e-10
6.149999999999999e-10
4.05e-10
5.26e-10
5.96e-10
5.73e-10
3.17e-10
4.75e-10
5.63e-10
6.29e-10
3.9100000000000005e-10
5.31e-10
6.01e-10
7.729999999999999e-10
1e-09
6.75e-10
7.54e-10
9.69e-10
6.05e-10
8.48e-10
9.550000000000001e-10
9.31e-10
5.49e-10
7.779999999999999e-10
8.939999999999999e-10
1.06e-09
6.43e-10
8.89e-10
1.02e-09
1.24e-09
7.54e-10
1.0800000000000002e-09
1.21e-09
1.32e-09
7.22e-10
1.0800000000000002e-09
1.27e-09
1.31e-09
7.17e-10
1.09e-09
1.24e-09
1.3900000000000002e-09
8.939999999999999e-10
1.21e-09
1.35e-09
1.4300000000000002e-09
8.569999999999999e-10
1.2e-09
1.4000000000000001e-09
1.26e-09
7.31e-10
1.0800000000000002e-09
1.21e-09
1.14e-09
6.660000000000001e-10
9.73e-10
1.1199999999999999e-09
1.0300000000000002e-09
5.820000000000001e-10
8.71e-10
1e-09
1.0300000000000002e-09
5.36e-10
8.52e-10
9.919999999999999e-10
7.679999999999999e-10
4.4699999999999996e-10
6.710000000000001e-10
7.54e-10
8.1e-10
5.26e-10
7.12e-10
7.870000000000001e-10
5.63e-10
3.54e-10
4.66e-10
5.36e-10
6.610000000000001e-10
3.63e-10
5.31e-10
6.519999999999999e-10
7.870000000000001e-10
5.12e-10
6.89e-10
7.779999999999999e-10
7.26e-10
4.38e-10
6.05e-10
6.98e-10
7.820000000000001e-10
4.4699999999999996e-10
6.75e-10
7.5e-10
8.1e-10
4.61e-10
7.12e-10
7.96e-10
1.13e-09
8.52e-10
9.73e-10
1.1e-09
1.09e-09
6.8e-10
9.36e-10
1.07e-09
1.3e-09
7.399999999999999e-10
1.11e-09
1.26e-09
1.2e-09
7.08e-10
1.0300000000000002e-09
1.1699999999999999e-09
1.21e-09
6.940000000000001e-10
1.01e-09
1.15e-09
1.31e-09
7.399999999999999e-10
1.14e-09
1.26e-09
1.24e-09
7.08e-10
1.07e-09
1.2e-09
1.35e-09
7.870000000000001e-10
1.19e-09
1.3300000000000002e-09
1.36e-09
8.01e-10
1.15e-09
1.3e-09
1.2e-09
7.399999999999999e-10
1.0300000000000002e-09
1.16e-09
1.02e-09
5.91e-10
8.8e-10
9.87e-10
9.550000000000001e-10
5.63e-10
8.06e-10
9.31e-10
8.939999999999999e-10
5.03e-10
7.45e-10
8.66e-10
7.54e-10
4.61e-10
6.43e-10
7.359999999999999e-10
7.22e-10
3.87e-10
5.96e-10
6.98e-10
7.59e-10
4.5600000000000003e-10
6.610000000000001e-10
7.45e-10
7.639999999999999e-10
4.42e-10
6.33e-10
7.26e-10
8.48e-10
5.59e-10
7.59e-10
8.24e-10
1.01e-09
5.26e-10
8.38e-10
9.64e-10
1.06e-09
6.1e-10
8.66e-10
1.01e-09
1.13e-09
6.189999999999999e-10
9.5e-10
1.09e-09
1.2e-09
7.870000000000001e-10
1.02e-09
1.14e-09
1.2e-09
6.940000000000001e-10
9.78e-10
1.15e-09
1.4000000000000001e-09
8.24e-10
1.2e-09
1.35e-09
1.51e-09
9.17e-10
1.31e-09
1.46e-09
1.4000000000000001e-09
8.01e-10
1.18e-09
1.35e-09
1.32e-09
7.08e-10
1.1e-09
1.29e-09
1.3300000000000002e-09
7.59e-10
1.1e-09
1.29e-09
1.31e-09
7.31e-10
1.1e-09
1.26e-09
1.32e-09
7.12e-10
1.15e-09
1.29e-09
1.19e-09
7.08e-10
1.02e-09
1.15e-09
1.02e-09
6.469999999999999e-10
8.8e-10
9.64e-10
9.87e-10
5.68e-10
8.150000000000001e-10
9.589999999999999e-10
8.939999999999999e-10
5.45e-10
7.820000000000001e-10
8.8e-10
8.71e-10
5.36e-10
7.399999999999999e-10
8.200000000000001e-10
1.0400000000000001e-09
6.05e-10
8.609999999999999e-10
1.01e-09
8.52e-10
5.220000000000001e-10
7.26e-10
8.200000000000001e-10
9.45e-10
5.49e-10
7.870000000000001e-10
8.989999999999999e-10
9.87e-10
5.4e-10
8.1e-10
9.589999999999999e-10
1.0400000000000001e-09
5.96e-10
8.939999999999999e-10
1e-09
1.26e-09
7.12e-10
1.07e-09
1.23e-09
1.2e-09
7.359999999999999e-10
1.0300000000000002e-09
1.18e-09
1.21e-09
7.22e-10
9.97e-10
1.15e-09
1.21e-09
6.89e-10
1.01e-09
1.1e-09
1.22e-09
6.710000000000001e-10
1.01e-09
1.14e-09
1.18e-09
7.26e-10
1.01e-09
1.13e-09
1.29e-09
7.030000000000001e-10
1.1199999999999999e-09
1.25e-09
1.25e-09
7.359999999999999e-10
1.1199999999999999e-09
1.22e-09
1.27e-09
7.08e-10
1.0800000000000002e-09
1.23e-09
1.21e-09
6.89e-10
9.97e-10
1.13e-09
1.24e-09
7.17e-10
1.09e-09
1.2e-09
1.16e-09
6.710000000000001e-10
9.73e-10
1.1199999999999999e-09
9.64e-10
5.12e-10
8.01e-10
9.22e-10
6.98e-10
4.2799999999999997e-10
6.05e-10
6.8e-10
8.89e-10
5.68e-10
7.26e-10
8.52e-10
9.41e-10
5.36e-10
8.06e-10
9.130000000000001e-10
1.06e-09
6.01e-10
9.080000000000001e-10
1.0300000000000002e-09
1.02e-09
6.24e-10
8.52e-10
9.73e-10
1.06e-09
6.98e-10
8.939999999999999e-10
1.02e-09
9.83e-10
5.4e-10
8.24e-10
9.41e-10
1.0400000000000001e-09
5.87e-10
8.609999999999999e-10
1.01e-09
1.1e-09
6.660000000000001e-10
9.589999999999999e-10
1.0800000000000002e-09
1.07e-09
6.569999999999999e-10
9.080000000000001e-10
1.0300000000000002e-09
1.0300000000000002e-09
5.820000000000001e-10
8.569999999999999e-10
1.01e-09
1.09e-09
6.38e-10
9.36e-10
1.06e-09
1.1e-09
6.710000000000001e-10
9.69e-10
1.06e-09
1.3e-09
7.54e-10
1.09e-09
1.25e-09
1.14e-09
6.38e-10
9.36e-10
1.09e-09
1.14e-09
6.05e-10
9.31e-10
1.1e-09
1.07e-09
6.519999999999999e-10
9.27e-10
1.0499999999999999e-09
1.13e-09
6.33e-10
9.31e-10
1.09e-09
1.1699999999999999e-09
6.940000000000001e-10
9.73e-10
1.13e-09
1.25e-09
6.710000000000001e-10
1.02e-09
1.18e-09
7.54e-10
3.9100000000000005e-10
6.24e-10
7.22e-10
